METADATA
initial_wait: 1
measures: 60
period: 1
depth: 1.00
lat: 0.00
lon: 0.00
timestamp: 2106-2-6 6:28:16
sample_counter: 1
name: 19
maker: ICM-CSIC
curator: ICM-CSIC
email: 
sensors: TCS34725
description: KduinoSafata
place: lab ICM
units: counts, counts, counts, counts
DATA
DATE HOUR RED GREEN BLUE CLEAR
2018-8-22 11:47:0 2449 2300 2227 5119 2575 2420 2342 5400 2560 2408 2332 5374 2535 2387 2313 5324 2519 2373 2300 5293 2515 2369 2296 5282 2487 2341 2269 5219 2345 2207 2143 4912 2056 1941 1894 4315 2110 1987 1936 4415 2380 2225 2155 4950 2585 2412 2331 5365 2596 2423 2342 5388 2581 2409 2329 5359 2451 2282 2205 5066 2392 2223 2148 4929 2368 2199 2125 4874 2368 2209 2139 4902 2377 2219 2150 4926 2374 2216 2147 4920 2413 2254 2184 5007 2443 2282 2212 5072 2446 2287 2217 5085 2407 2251 2183 5003 2355 2198 2130 4879 2344 2177 2104 4819 2333 2156 2079 4759 2302 2120 2042 4673 2276 2100 2026 4632 2239 2070 1999 4570 2182 2021 1955 4464 2032 1899 1847 4211 2027 1899 1848 4217 2036 1908 1857 4239 2005 1879 1830 4174 1980 1856 1808 4125 1987 1863 1814 4139 1964 1843 1796 4098 1970 1851 1806 4117 1952 1836 1791 4086 1923 1807 1763 4021 1938 1820 1775 4048 1993 1871 1823 4162 1960 1841 1795 4096 1915 1800 1755 4004 1861 1751 1710 3900 1857 1749 1708 3897 1946 1831 1786 4077 1931 1818 1775 4051 1928 1815 1772 4045 1828 1723 1684 3841 1753 1656 1620 3693 1720 1627 1593 3629 1743 1650 1616 3681 1696 1611 1581 3597 1555 1483 1461 3316 1601 1525 1501 3409 1510 1438 1417 3213 2138 1990 1928 4415 2331 2186 2124 4878
2018-8-22 11:48:0 3019 2805 2704 6209 3024 2809 2708 6215 3029 2813 2711 6222 3039 2820 2718 6236 3042 2823 2720 6241 3046 2826 2723 6247 3050 2828 2724 6246 3050 2827 2722 6243 3050 2825 2720 6234 3054 2828 2722 6240 3058 2832 2725 6246 3074 2845 2737 6272 3085 2855 2748 6293 3096 2866 2758 6316 3110 2879 2770 6344 3113 2881 2772 6349 3110 2877 2768 6340 3116 2884 2775 6357 3126 2893 2783 6378 3137 2903 2793 6398 3160 2924 2813 6442 3176 2938 2827 6470 3180 2941 2829 6471 3168 2928 2815 6443 3179 2938 2825 6467 3201 2959 2845 6514 3214 2970 2856 6539 3219 2974 2860 6547 3241 2993 2877 6587 3250 3002 2886 6604 3255 3006 2890 6613 3265 3015 2898 6630 3268 3018 2901 6634 3260 3010 2893 6615 3259 3007 2891 6608 3257 3005 2889 6602 3243 2991 2877 6571 3236 2985 2871 6558 3228 2977 2863 6538 3209 2959 2846 6495 3207 2957 2844 6487 3207 2955 2843 6484 3204 2951 2838 6472 3205 2951 2838 6472 3214 2958 2845 6485 3235 2977 2862 6526 3244 2984 2869 6541 3262 3000 2883 6572 3269 3005 2888 6584 3272 3007 2889 6588 3279 3012 2893 6597 3287 3018 2899 6611 3295 3025 2905 6626 3316 3042 2919 6662 3327 3051 2927 6682 3337 3059 2934 6698 3361 3079 2952 6744 3374 3091 2962 6767 3395 3110 2980 6807 3400 3114 2984 6818
2018-8-22 11:49:0 2873 2684 2593 5937 3411 3165 3042 6992 3884 3579 3422 7876 4475 4076 3872 8908 4499 4079 3866 8876 4190 3794 3594 8232 3676 3334 3163 7215 3102 2821 2683 6092 2304 2104 2009 4528 2530 2308 2202 4973 1184 1090 1058 2319 593 552 550 1157 530 492 493 1005 489 454 456 932 634 588 585 1222 595 551 549 1146 597 554 552 1150 574 533 533 1102 580 539 539 1114 563 523 522 1081 556 515 514 1064 554 513 512 1059 556 514 513 1061 551 509 507 1049 546 505 503 1040 543 502 500 1033 550 508 507 1045 560 518 517 1064 570 526 524 1074 553 511 510 1046 593 547 543 1122 544 502 500 1025 551 508 506 1037 549 506 505 1034 531 490 489 1000 528 487 486 994 537 496 495 1012 540 498 497 1018 543 501 500 1024 558 516 514 1054 583 538 536 1103 637 586 582 1206 1579 1444 1387 3083 2539 2311 2202 4982 3255 2954 2806 6388 4395 3978 3768 8638 4606 4182 3967 9118 4351 3975 3784 8706 3306 3063 2944 6752 3055 2841 2738 6271 3023 2813 2712 6212 3007 2798 2699 6180 3009 2801 2701 6186 3071 2859 2755 6315 3083 2869 2766 6340 3093 2879 2775 6363 3095 2882 2778 6371 3087 2874 2771 6354 3078 2867 2763 6337 3060 2849 2746 6296
2018-8-22 11:50:0 5053 4601 4378 10011 4992 4546 4328 9893 4966 4523 4306 9842 4943 4502 4286 9797 4939 4500 4285 9792 4947 4508 4293 9810 4974 4533 4316 9865 4998 4554 4336 9914 5033 4586 4365 9985 5139 4680 4453 10189 5199 4734 4503 10306 5262 4791 4556 10430 5411 4926 4682 10726 5479 4988 4739 10860 5537 5040 4788 10972 5635 5128 4870 11164 5685 5172 4911 11259 5783 5259 4992 11445 5826 5297 5026 11526 5865 5332 5059 11600 5971 5424 5145 11797 6045 5489 5205 11933 6128 5562 5272 12089 6336 5745 5442 12482 6444 5839 5528 12685 6563 5944 5626 12908 6796 6148 5815 13342 6903 6242 5902 13538 7078 6393 6042 13854 7147 6451 6095 13970 7191 6485 6125 14034 7255 6530 6163 14099 7322 6585 6213 14210 7399 6650 6273 14347 7551 6785 6399 14647 7623 6852 6461 14795 7737 6956 6559 15023 8011 7196 6782 15553 8176 7340 6914 15854 8362 7502 7064 16197 8705 7797 7337 16833 8839 7914 7444 17080 9126 8164 7676 17610 9278 8296 7799 17890 9446 8442 7934 18198 9739 8698 8171 18743 9819 8769 8237 18894 9885 8826 8290 19018 9907 8845 8308 19062 9879 8822 8286 19011 9793 8747 8216 18856 9551 8536 8020 18407 9426 8427 7920 18175 9222 8249 7754 17792 9152 8188 7698 17662 9096 8139 7652 17560 8954 8016 7538 17299 8884 7956 7482 17173 9019 8076 7594 17433 9063 8117 7632 17523
2018-8-22 11:51:0 4897 4466 4252 9657 4923 4492 4277 9703 4926 4494 4279 9716 4930 4498 4283 9723 4949 4515 4299 9755 4956 4521 4305 9770 4956 4519 4302 9759 4957 4518 4302 9756 4962 4522 4306 9764 4952 4514 4298 9749 4940 4504 4288 9727 4924 4489 4275 9695 4876 4446 4234 9601 4845 4418 4207 9538 4816 4392 4183 9482 4754 4337 4132 9370 4724 4310 4107 9315 4701 4290 4089 9273 4674 4266 4067 9223 4661 4254 4055 9196 4672 4266 4067 9228 4683 4278 4077 9257 4693 4288 4086 9280 4704 4297 4094 9295 4713 4303 4100 9296 4717 4303 4100 9280 4694 4278 4076 9207 4677 4260 4058 9164 4652 4239 4025 9116 4620 4210 4011 9055 4610 4201 4003 9035 4586 4180 3984 8996 4560 4155 3960 8954 4535 4130 3937 8916 4493 4089 3897 8846 4476 4074 3884 8800 4446 4049 3860 8729 4378 3988 3801 8582 4359 3971 3785 8543 4336 3950 3765 8496 4327 3943 3759 8481 4320 3938 3754 8473 4329 3943 3759 8501 4326 3943 3760 8509 4317 3935 3754 8498 4300 3924 3744 8491 4302 3928 3749 8517 4310 3938 3759 8540 4294 3927 3749 8514 4289 3922 3746 8507 4266 3901 3725 8459 4275 3907 3732 8474 4293 3925 3750 8519 4287 3921 3747 8504 4281 3916 3742 8493 4278 3913 3740 8485 4276 3913 3740 8481 4269 3906 3734 8464 4258 3896 3724 8442 4239 3879 3708 8408
2018-8-22 11:52:0 4535 4092 3882 8781 4532 4089 3878 8774 4555 4108 3896 8813 4571 4123 3909 8843 4568 4123 3911 8846 4594 4146 3933 8897 4576 4132 3919 8867 4512 4074 3865 8750 4497 4059 3851 8720 4445 4012 3806 8702 4393 3966 3762 8527 4207 3804 3611 8189 2148 1981 1920 4253 2067 1907 1848 4093 2058 1892 1833 4051 1983 1823 1767 3898 1956 1799 1744 3847 1908 1757 1706 3757 1911 1760 1709 3765 1912 1760 1709 3768 1914 1763 1711 3774 1915 1763 1711 3774 1915 1763 1711 3774 1954 1797 1743 3844 1983 1825 1770 3906 1951 1802 1750 3864 1932 1788 1737 3833 1969 1821 1769 3902 2001 1849 1796 3959 3624 3287 3131 7077 3953 3581 3406 7735 4349 3933 3735 8471 4600 4162 3954 8957 4779 4324 4106 9310 4924 4456 4230 9596 5112 4625 4389 9958 5182 4685 4446 10087 5273 4765 4519 10253 5297 4784 4536 10291 5333 4813 4562 10349 5360 4826 4570 10349 5309 4771 4517 10208 5286 4746 4491 10134 5389 4832 4570 10309 5561 4988 4717 10649 5856 5255 4968 11238 5957 5344 5051 11429 6117 5483 5180 11723 6345 5683 5366 12152 6193 5550 5243 11868 6066 5439 5140 11630 6382 5715 5393 12219 6583 5891 5556 12603 6806 6092 5743 13043 7045 6310 5950 13514 6874 6161 5812 13202 6655 5970 5635 12799 6589 5904 5572 12649 6279 5630 5316 12077 5345 4807 4547 10329
2018-8-22 11:53:0 2042 1866 1823 3901 2505 2293 2235 4795 8320 7413 6985 15742 9100 8097 7624 17199 8651 7712 7265 16335 8952 7966 7505 16918 9541 8502 8004 18024 10045 8937 8410 18899 10203 9069 8532 19167 10270 9126 8585 19292 10111 8987 8456 18997 9924 8829 8310 18669 9727 8663 8155 18329 9750 8685 8177 18383 9658 8606 8102 18220 9361 8343 7857 17684 9076 8096 7626 17184 8915 7957 7495 16894 8620 7697 7250 16358 8480 7572 7132 16094 8331 7437 7007 15810 8169 7296 6877 15512 8111 7245 6829 15409 8028 7175 6763 15265 8129 7267 6850 15473 8114 7254 6837 15448 8290 7413 6984 15796 8411 7523 7088 16038 8547 7648 7206 16306 8760 7834 7381 16702 8655 7740 7293 16512 8342 7456 7025 15925 4984 4492 4275 9552 2567 2354 2288 4977 2449 2246 2184 4752 2300 2105 2048 4449 2236 2045 1990 4318 2190 2003 1949 4227 2115 1934 1882 4080 2089 1909 1858 4023 2045 1868 1818 3926 2031 1855 1806 3894 2017 1841 1792 3864 2017 1841 1792 3870 2026 1848 1799 3884 2033 1854 1805 3896 2044 1863 1813 3914 2048 1866 1816 3920 2051 1869 1819 3925 2041 1859 1809 3901 2033 1851 1801 3884 2056 1873 1822 3915 2073 1886 1835 3933 2069 1882 1832 3924 2067 1881 1831 3928 2065 1879 1829 3925 2065 1878 1828 3923 2074 1887 1836 3940 2078 1892 1841 3957 2072 1888 1837 3957
2018-8-22 11:54:0 5571 5026 4776 10771 5578 5032 4781 10781 5493 4954 4708 10610 5444 4910 4666 10505 5371 4847 4608 10372 5192 4692 4466 10033 5142 4653 4429 9949 5232 4736 4509 10104 5185 4691 4467 9993 5203 4705 4480 10006 5265 4758 4528 10118 5289 4777 4546 10158 5242 4739 4511 10079 4971 4495 4282 9536 5211 4713 4487 10001 5367 4858 4623 10289 5164 4681 4459 9856 5277 4781 4553 10081 2823 2442 2333 5077 3004 2605 2477 5458 1584 1367 1324 2758 4775 4317 4111 9057 5271 4773 4544 10044 5175 4689 4465 9881 4827 4375 4168 9235 4676 4239 4043 8919 4723 4278 4076 9036 4906 4451 4244 9416 4788 4347 4150 9180 4803 4359 4160 9224 4832 4385 4183 9285 4878 4428 4224 9377 4905 4449 4243 9435 4918 4460 4254 9466 4941 4481 4273 9520 4918 4461 4254 9487 4922 4462 4254 9497 4813 4365 4163 9264 4502 4087 3902 8720 4574 4148 3957 8847 4671 4230 4036 8932 4976 4505 4292 9562 4974 4502 4290 9530 4869 4411 4207 9334 4752 4306 4109 9116 4745 4298 4100 9109 4921 4451 4243 9438 5010 4528 4313 9610 5026 4539 4323 9633 5105 4610 4390 9788 5086 4599 4377 9793 5055 4572 4353 9743 5223 4717 4486 10043 5338 4813 4578 10229 5481 4942 4698 10511 5476 4944 4702 10542 5407 4886 4649 10431 5271 4764 4536 10160 5245 4737 4511 10089 5170 4671 4450 9945
2018-8-22 11:55:0 4694 4281 4086 9285 4707 4293 4098 9314 4717 4302 4106 9334 4729 4313 4116 9359 4733 4317 4120 9367 4742 4325 4127 9381 4745 4327 4129 9384 4748 4328 4130 9385 4775 4352 4152 9436 4794 4370 4168 9476 4809 4384 4181 9511 4836 4407 4203 9564 4846 4417 4211 9583 4858 4427 4221 9605 4873 4439 4232 9626 4881 4446 4238 9642 4893 4458 4249 9671 4915 4478 4268 9715 4929 4490 4279 9738 4997 4552 4337 9872 5004 4555 4340 9875 5016 4564 4348 9888 5103 4640 4417 10043 5155 4685 4460 10139 5210 4733 4504 10241 5314 4826 4591 10444 5345 4854 4617 10505 5376 4882 4644 10567 5388 4890 4650 10578 5383 4884 4645 10561 5368 4863 4625 10525 5338 4844 4607 10469 5315 4824 4589 10429 5279 4792 4558 10362 5269 4782 4549 10340 5260 4774 4541 10320 5245 4759 4527 10289 5228 4744 4512 10255 5224 4740 4509 10251 5228 4745 4513 10262 5229 4745 4513 10259 5243 4758 4525 10287 5252 4766 4533 10306 5259 4772 4539 10321 5261 4775 4541 10326 5262 4776 4543 10331 5262 4777 4544 10336 5268 4785 4552 10363 5247 4767 4535 10323 5224 4746 4516 10281 5157 4684 4458 10140 5140 4668 4443 10100 5118 4647 4423 10051 5099 4633 4410 10030 5127 4659 4436 10080 5195 4715 4491 10178 5187 4707 4482 10162 5187 4704 4479 10151 5160 4669 4443 10054 5076 4585 4361 9853
2018-8-22 11:56:0 4732 4183 3758 9897 4904 4291 3795 10326 3726 3261 2868 7934 5151 4511 4000 10829 4109 3622 3216 8703 4848 4276 3823 10186 5281 4663 4204 10998 5528 4873 4384 11498 5614 4882 4282 11771 4592 3962 3376 9770 4464 3758 3086 9461 2864 2412 1881 6169 3480 2883 2208 7422 3167 2624 1969 6781 3001 2434 1751 6366 2670 2162 1525 5671 2422 1955 1360 5145 2640 2118 1465 5586 2634 2117 1461 5579 2735 2187 1504 5772 2374 1901 1298 5023 2630 2103 1433 5559 2340 1841 1223 4905 1950 1538 1004 4101 1890 1489 965 3973 1874 1468 935 3929 1394 1095 689 2930 1509 1182 742 3168 1444 1126 703 3023 1453 1135 707 3045 1652 1286 798 3456 1463 1138 706 3057 1619 1259 782 3383 1640 1277 706 3430 1565 1217 753 3271 1705 1322 816 3559 1527 1188 733 3194 1595 1240 763 3336 1568 1219 750 3279 1544 1202 740 3232 1557 1212 747 3260 1495 1163 717 3128 1515 1183 727 3178 1558 1209 743 3255 1562 1213 741 3265 1589 1231 751 3317 1619 1251 764 3373 1645 1277 781 3438 1731 1339 825 3607 1712 1329 819 3576 1759 1362 837 3669 1768 1366 835 3685 1765 1363 830 3677 1714 1334 822 3588 1763 1369 851 3683 1710 1279 793 3585 1686 1312 811 3530 1596 1244 768 3346 1591 1245 773 3345 1497 1175 735 3153
2018-8-22 11:57:0 5565 5044 4810 10736 5648 5117 4878 10879 5467 4958 4731 10513 5215 4736 4525 10058 5310 4814 4596 10260 5293 4797 4579 10241 5463 4957 4726 10665 5512 5008 4774 10799 5338 4858 4635 10502 5131 4678 4467 10140 5156 4700 4487 10190 5330 4854 4630 10520 5328 4857 4633 10544 5275 4816 4595 10473 5059 4630 4422 10103 5006 4584 4379 10006 5084 4654 4444 10157 5232 4782 4564 10426 5248 4797 4578 10458 5223 4775 4557 10421 5183 4738 4523 10334 5248 4796 4576 10453 5199 4754 4538 10358 4984 4569 4366 9968 4893 4490 4292 9811 4724 4339 4153 9476 4875 4472 4277 9752 4847 4448 4255 9693 4935 4526 4327 9874 4960 4547 4347 9918 4958 4542 4342 9899 5063 4631 4424 10072 5120 4682 4471 10182 5193 4749 4534 10340 5192 4745 4530 10333 5186 4739 4525 10319 5138 4698 4486 10229 5069 4641 4435 10126 4974 4558 4357 9943 4992 4572 4370 9972 5067 4636 4429 10102 5099 4665 4456 10163 5259 4808 4588 10485 5218 4772 4555 10407 5176 4735 4522 10321 5073 4646 4440 10128 5148 4717 4505 10295 5180 4742 4528 10350 5325 4870 4647 10618 5280 4829 4609 10521 5458 4988 4757 10874 5472 4999 4767 10893 5492 5015 4781 10919 5727 5219 4969 11347 5705 5200 4951 11307 5649 5153 4909 11222 5559 5074 4837 11050 5710 5208 4961 11340 5807 5293 5039 11516 6011 5477 5210 11915
2018-8-22 11:58:0 5021 4540 4277 9901 5177 4679 4406 10204 5292 4781 4500 10426 5394 4873 4587 10627 5726 5166 4859 11259 5797 5230 4919 11396 6071 5475 5147 11922 6337 5714 5373 12440 6369 5744 5403 12505 6243 5632 5299 12267 6477 5835 5485 12702 6762 6088 5719 13255 7296 6570 6171 14305 4813 4262 3807 10222 4727 4133 3628 10022 5087 4457 3939 10769 5071 4463 3981 10714 5530 4861 4364 11520 4870 4289 3819 10315 4543 3991 3541 9596 4563 4011 3542 9723 4200 3698 3264 8981 4564 4021 3583 9675 4257 3768 3361 9074 4130 3650 3248 8816 4273 3786 3381 9102 4146 3670 3280 8827 4340 3843 3433 9243 4039 3562 3159 8614 3887 3420 3008 8336 4145 3643 3215 8845 4120 3625 3199 8808 4466 3932 3495 9470 4417 3888 3459 9356 4446 3908 3461 9452 3959 3481 3061 8477 4038 3525 3063 8652 3554 3090 2638 7685 3296 2874 2456 7140 3399 2966 2549 7351 4031 3548 3124 8644 3965 3492 3088 8482 4039 3562 3156 8632 4038 3557 3141 8654 3836 3374 2961 8239 4002 3493 3035 8585 3736 3248 2783 8046 3594 3119 2658 7756 3656 3177 2708 7897 3876 3373 2903 8327 4066 3539 3056 8714 4357 3786 3276 9303 4581 3977 3440 9779 4213 3662 3162 9014 4190 3640 3133 8980 4164 3624 3125 8930 4215 3654 3142 9019 4789 4161 3621 10173 5031 4390 3856 10641 4892 4145 3636 10353
2018-8-22 11:59:0 1868 1445 865 3917 1812 1410 856 3814 2139 1677 1048 4517 2458 1915 1195 5166 1607 1252 747 3386 1340 1039 606 2818 1119 871 503 2360 1381 1073 632 2908 1393 1090 648 2945 1437 1128 679 3044 1690 1319 799 3563 1426 1118 675 3015 1792 1386 835 3756 1315 1025 604 2771 1693 1301 768 3535 1821 1392 820 3789 1598 1225 722 3332 1668 1292 767 3499 2109 1638 1012 4423 2284 1779 1107 4794 2525 1957 1217 5283 1652 1295 788 3487 2391 1829 1121 4965 1922 1489 899 4027 1982 1529 923 4142 1991 1535 928 4159 1700 1320 798 3569 2098 1612 981 4371 1912 1484 904 4012 1711 1333 812 3598 2033 1569 956 4249 1625 1268 767 3424 1775 1378 833 3727 1718 1331 805 3603 1721 1336 808 3614 1795 1391 846 3764 1711 1333 812 3600 1729 1347 824 3638 1688 1316 804 3554 1456 1147 695 3087 1779 1377 839 3728 1678 1302 789 3524 1542 1205 728 3253 1537 1202 727 3244 1401 1107 672 2976 1672 1305 800 3524 1460 1254 768 3098 1578 1233 753 3329 1448 1137 687 3066 1193 933 549 2522 1445 1120 664 3036 1368 1063 630 2879 1322 1031 614 2789 1332 1042 620 2814 1192 936 556 2525 1363 1061 635 2871 1236 970 577 2618 1422 1097 655 2980 1375 1064 633 2887 1258 981 580 2654
2018-8-22 12:0:0 1002 788 471 2127 1032 811 486 2190 1015 799 479 2155 1023 805 484 2172 1027 809 486 2181 1022 806 484 2173 1016 802 481 2161 1025 806 483 2176 1049 822 492 2222 1026 807 482 2178 1043 819 490 2212 1125 881 531 2382 1032 816 490 2198 1120 878 531 2372 1123 881 531 2380 1060 833 500 2249 1027 810 483 2184 1011 798 475 2151 1127 880 527 2382 1102 865 520 2336 1086 856 515 2309 1086 855 514 2306 1085 853 512 2302 1113 870 522 2353 1053 829 495 2237 1034 815 486 2197 1101 860 514 2327 1081 847 505 2289 1107 868 520 2345 1132 887 533 2397 1104 866 518 2340 1131 885 529 2392 1116 874 520 2362 1153 900 535 2434 1137 890 528 2405 1200 936 556 2532 1246 971 579 2627 1226 957 571 2588 1255 978 585 2646 1231 966 580 2606 1327 1034 622 2795 1217 951 565 2569 1187 926 548 2505 1227 959 569 2592 1254 979 584 2646 1379 1074 645 2904 1277 1000 599 2700 1265 986 587 2666 1250 975 580 2636 1253 973 576 2636 1140 890 523 2406 1263 981 580 2658 1290 1000 595 2711 1490 1159 704 3134 1411 1107 676 2985 1515 1193 736 3209 1560 1223 754 3297 1394 1097 670 2955 1532 1196 730 3232 1410 1110 675 2991
2018-8-22 12:1:0 845 665 399 1797 858 674 404 1822 845 666 399 1798 858 676 404 1824 878 690 412 1865 872 687 410 1855 906 713 426 1926 895 705 422 1904 921 724 433 1957 930 732 437 1977 912 719 429 1941 924 729 434 1967 974 765 456 2068 962 757 451 2045 974 768 458 2074 1030 809 483 2186 991 780 465 2107 1019 802 477 2166 1051 825 491 2231 1046 822 489 2254 1094 857 510 2318 1101 863 513 2334 1131 886 527 2396 1162 909 540 2459 1163 910 540 2462 1180 923 547 2497 1218 951 565 2575 1224 954 566 2584 1237 964 572 2611 1208 944 560 2554 1233 960 571 2601 1213 946 562 2562 1198 935 555 2531 1173 916 544 2479 1218 948 564 2570 1166 913 541 2468 1189 929 551 2513 1263 981 584 2661 1207 943 560 2552 1212 946 561 2560 1265 984 586 2667 1190 930 552 2516 1195 933 553 2525 1237 962 571 2607 1211 944 560 2556 1234 961 571 2603 1208 943 560 2552 1250 972 578 2635 1245 971 577 2629 1269 987 586 2674 1284 998 592 2705 1238 965 571 2613 1304 1012 600 2744 1299 1009 599 2735 1281 997 592 2700 1305 1015 603 2735 1275 993 588 2690 1283 999 592 2706 1263 983 583 2663 1223 952 565 2579
2018-8-22 12:2:0 883 696 417 1879 863 680 406 1838 880 691 413 1869 857 676 404 1825 870 685 411 1850 868 684 411 1848 862 679 407 1834 862 680 408 1835 860 677 406 1828 848 668 400 1804 842 663 396 1790 838 659 395 1781 831 655 393 1768 844 665 399 1795 840 662 398 1787 825 651 391 1756 829 652 391 1762 805 634 379 1712 799 630 377 1700 812 640 383 1727 820 646 388 1744 808 638 383 1721 810 639 384 1725 818 644 387 1739 798 630 377 1699 811 639 383 1725 806 636 380 1716 804 635 381 1714 825 651 392 1758 815 645 388 1739 826 653 392 1761 829 654 392 1766 812 641 384 1731 815 643 385 1737 806 637 381 1720 830 655 393 1768 818 647 388 1746 815 645 388 1741 828 654 393 1766 809 641 384 1728 813 642 384 1733 808 639 382 1725 814 644 386 1738 817 647 388 1745 833 659 397 1779 827 655 394 1767 818 647 389 1746 824 652 391 1760 808 639 383 1725 814 644 386 1737 810 642 385 1731 819 649 390 1750 826 654 393 1764 813 645 388 1739 813 644 387 1737 826 653 392 1763 820 649 389 1751 818 648 388 1748 820 649 389 1752 829 657 395 1771
2018-8-22 12:3:0 756 600 361 1618 747 593 356 1599 739 587 352 1583 737 585 350 1577 738 585 351 1578 733 582 349 1569 747 592 355 1598 746 591 355 1595 746 592 355 1596 746 592 355 1596 749 594 356 1602 748 592 355 1598 743 589 353 1588 746 591 354 1595 748 592 354 1599 746 592 355 1596 749 594 356 1602 745 591 355 1595 747 593 355 1599 750 595 356 1604 746 592 355 1596 745 590 354 1593 746 591 354 1595 753 597 358 1611 749 594 356 1603 750 595 357 1605 757 601 360 1620 748 594 356 1602 739 587 351 1582 745 591 354 1594 747 592 354 1598 745 591 355 1595 750 596 358 1606 747 593 356 1600 748 593 356 1600 740 587 352 1584 736 584 349 1574 743 589 353 1590 743 589 353 1589 744 590 354 1591 743 590 354 1591 752 596 358 1608 746 591 355 1595 737 585 350 1576 743 589 353 1589 742 588 353 1587 741 588 353 1586 743 589 354 1588 738 586 352 1579 739 586 352 1580 732 580 348 1566 732 580 348 1565 731 579 347 1562 729 578 347 1559 726 575 345 1552 730 578 347 1560 732 579 348 1563 727 576 346 1554 725 574 345 1549 723 572 343 1544
2018-8-22 12:4:0 506 400 241 1077 498 394 238 1061 491 389 234 1046 479 379 229 1020 475 376 227 1011 469 372 224 1000 459 364 220 978 453 359 217 965 440 349 210 937 435 345 208 927 431 342 207 920 423 336 203 903 417 331 200 890 413 328 198 881 401 319 192 856 395 315 190 845 389 310 187 832 383 306 184 819 380 303 183 812 375 295 178 802 365 291 176 780 361 288 174 772 351 281 169 752 347 278 168 744 345 276 166 738 340 272 164 727 336 269 162 720 331 265 160 710 324 260 157 694 322 258 155 689 319 256 154 684 314 251 152 672 312 250 151 667 305 245 148 653 302 242 146 647 299 240 144 640 294 235 142 628 292 234 141 626 290 233 140 621 285 228 138 609 281 225 136 601 278 223 134 595 274 220 132 587 274 220 132 586 270 217 131 578 268 216 130 575 267 214 129 572 262 210 127 560 260 208 125 556 257 207 124 551 255 204 123 545 253 203 122 541 253 203 122 541 250 201 121 536 248 199 120 530 245 197 118 524 244 196 118 522 245 196 118 523 241 193 116 514 240 193 116 513
2018-8-22 12:5:0 329 260 154 700 328 258 153 693 329 259 154 695 326 257 152 689 326 257 152 689 331 261 154 699 332 262 155 701 334 263 156 705 333 262 155 703 335 264 156 708 335 263 156 706 335 264 156 707 335 264 156 708 338 266 157 713 338 266 157 714 336 264 156 709 339 266 157 715 340 267 158 717 339 266 157 715 342 268 158 720 340 267 158 717 345 270 160 726 341 268 158 719 342 269 159 722 342 268 158 720 342 269 158 721 344 270 159 725 346 271 160 728 346 271 160 728 349 273 161 734 348 273 161 732 355 278 164 747 345 271 159 727 349 273 161 744 352 276 162 741 351 275 162 740 358 281 165 754 351 275 162 739 360 282 166 758 358 281 165 754 360 282 166 758 357 280 165 752 355 279 164 748 365 286 168 768 360 282 166 758 367 287 169 772 359 282 166 757 363 284 167 764 368 288 169 774 364 286 168 768 367 288 169 774 366 287 168 771 370 290 170 780 375 294 173 789 365 287 168 771 370 290 170 780 367 288 169 773 370 291 171 781 369 290 170 779 369 290 170 780
2018-8-22 12:6:0 703 553 328 1496 702 554 328 1497 686 542 321 1463 677 535 317 1444 708 557 330 1507 668 529 313 1427 682 538 319 1455 677 535 317 1444 687 542 321 1465 675 533 316 1440 669 529 313 1427 694 547 325 1479 662 524 310 1414 684 539 320 1457 688 542 322 1466 671 530 314 1431 684 539 319 1457 656 520 308 1403 701 553 328 1494 708 558 330 1508 688 543 321 1467 698 550 326 1486 693 546 323 1477 698 550 325 1486 692 546 323 1475 706 556 329 1504 701 551 326 1491 691 545 322 1472 691 545 322 1473 722 567 336 1535 706 555 328 1501 722 568 336 1535 693 547 323 1478 705 557 329 1504 742 583 345 1577 740 582 344 1573 736 579 342 1565 719 566 334 1531 743 584 345 1579 755 592 350 1603 716 565 333 1526 747 587 347 1588 774 607 359 1642 744 586 346 1584 741 584 346 1579 784 614 364 1663 756 595 352 1608 766 602 356 1629 765 600 355 1624 770 605 357 1636 753 593 350 1602 787 617 365 1669 777 610 362 1651 792 620 367 1680 759 598 353 1616 767 604 356 1632 808 633 374 1715 780 613 362 1659 801 629 372 1701 775 610 360 1649
2018-8-22 12:7:0 719 570 338 1539 695 553 327 1490 747 590 350 1595 734 581 344 1568 731 579 343 1564 717 569 337 1536 750 593 352 1603 727 576 342 1556 742 587 348 1586 705 561 332 1512 741 586 347 1584 737 583 346 1575 727 576 342 1556 722 569 337 1543 768 604 358 1635 732 580 343 1566 733 581 344 1568 752 594 352 1605 714 567 335 1530 702 557 330 1504 752 594 352 1604 727 576 341 1555 739 585 347 1579 715 568 336 1532 747 591 351 1597 777 612 364 1656 717 569 337 1535 735 582 345 1572 717 570 337 1537 812 638 380 1728 798 628 373 1700 738 585 346 1579 782 617 366 1669 727 577 341 1557 750 594 351 1603 723 574 339 1549 737 585 346 1579 777 613 364 1658 771 608 361 1644 754 595 353 1609 762 602 357 1627 760 601 356 1624 732 581 344 1567 783 617 366 1668 749 593 351 1600 757 599 355 1617 768 606 359 1639 752 596 353 1608 779 614 364 1661 765 606 386 1635 763 604 357 1631 814 642 381 1736 854 671 399 1817 789 623 369 1684 822 647 383 1750 788 623 368 1683 861 676 401 1830 822 648 383 1751 818 645 382 1744 868 680 404 1843
2018-8-22 12:8:0 589 451 264 1224 562 432 252 1170 588 450 263 1220 632 481 282 1307 563 433 252 1172 595 456 265 1235 622 473 277 1286 620 472 275 1283 590 451 262 1223 675 512 299 1393 616 470 273 1274 652 494 288 1343 601 459 266 1244 683 516 302 1404 626 476 277 1293 613 466 271 1266 615 468 273 1271 581 443 258 1201 594 452 263 1228 552 422 245 1144 645 487 285 1327 569 435 253 1179 618 469 273 1275 584 444 258 1205 636 481 281 1308 640 483 282 1314 624 473 275 1284 633 479 279 1302 653 494 288 1343 705 531 310 1445 711 536 313 1458 713 537 313 1462 688 520 302 1412 692 523 304 1421 744 559 326 1523 721 543 316 1477 717 541 314 1469 786 589 344 1605 762 573 333 1558 809 606 354 1651 729 549 318 1492 790 592 345 1612 765 574 334 1562 793 593 346 1615 752 564 328 1535 833 621 363 1696 800 599 349 1631 779 584 339 1590 857 638 373 1742 761 571 331 1554 710 535 310 1452 820 610 357 1665 784 584 341 1593 710 533 310 1450 737 551 322 1502 719 539 314 1467 785 585 342 1596 758 566 331 1543 810 603 353 1646 735 549 320 1496
2018-8-22 12:9:0 869 666 395 1813 792 612 362 1661 816 629 373 1709 725 565 334 1529 810 624 370 1696 728 567 334 1535 812 626 372 1702 714 557 329 1508 736 573 339 1551 757 588 348 1594 783 606 359 1644 777 602 356 1633 744 579 342 1568 741 577 341 1562 695 546 322 1474 820 633 376 1719 774 602 356 1631 804 624 369 1691 755 590 348 1595 749 585 346 1584 760 593 351 1606 786 611 362 1656 804 626 371 1696 780 609 360 1648 818 636 377 1724 784 614 363 1660 868 673 400 1826 866 673 399 1823 883 686 407 1858 865 674 399 1825 899 697 412 1889 985 761 450 2066 959 743 439 2015 1145 874 519 2381 972 755 445 2045 1134 868 513 2363 1096 846 498 2296 1301 990 587 2699 1165 897 528 2435 1339 1023 604 2786 1284 986 581 2679 1365 1045 616 2841 1499 1137 672 3103 1477 1127 664 3068 1661 1262 747 3440 1486 1137 669 3091 1649 1252 740 3413 1575 1200 706 3268 1662 1258 743 3435 1570 1196 704 3257 1583 1203 711 3279 1508 1152 680 3133 1611 1222 724 3334 1542 1174 694 3199 1559 1187 701 3234 1551 1180 697 3215 1502 1149 677 3124 1589 1205 713 3289 1498 1144 674 3114 1536 1173 692 3192
2018-8-22 12:10:0 1203 936 555 2537 1225 951 565 2581 1199 934 553 2532 1176 916 543 2484 1195 931 552 2525 1122 878 519 2376 1210 943 559 2555 1070 842 497 2275 1105 867 513 2346 1185 923 548 2503 1134 888 526 2404 1198 934 555 2532 1181 921 547 2496 1188 925 549 2508 1207 938 557 2546 1165 910 539 2464 1172 914 543 2478 1224 950 564 2579 1091 856 506 2315 1127 881 522 2385 1132 884 523 2394 1210 940 558 2550 1242 963 573 2615 1144 895 531 2423 1270 983 585 2671 1243 965 572 2619 1248 969 575 2630 1293 1000 595 2718 1193 932 552 2524 1299 1004 596 2729 1243 964 572 2618 1230 955 566 2593 1220 949 563 2573 1145 895 530 2424 1146 894 529 2423 1157 903 534 2445 1339 1031 614 2807 1086 854 504 2309 1121 879 520 2378 1235 958 569 2601 1199 934 554 2532 1278 990 589 2689 1096 862 510 2330 1294 1001 596 2721 1210 941 559 2553 1219 949 563 2574 1182 924 548 2502 1195 934 553 2529 1273 989 587 2683 1313 1018 604 2764 1251 974 576 2641 1360 1049 623 2853 1281 994 589 2697 1203 940 555 2545 1345 1038 615 2821 1255 975 577 2645 1318 1022 606 2773 1227 956 566 2591 1348 1043 618 2832 1326 1026 607 2786
2018-8-22 12:11:0 1357 1052 623 2856 1448 1116 662 3035 1334 1035 612 2808 1484 1140 677 3104 1337 1037 613 2814 1204 943 556 2549 1347 1042 617 2829 1437 1106 657 3008 1358 1049 621 2850 1388 1071 635 2910 1283 997 589 2703 1283 997 589 2703 1402 1079 640 2936 1411 1086 644 2955 1441 1110 658 3017 1488 1146 681 3116 1536 1181 701 3213 1312 1023 602 2770 1529 1174 696 3197 1539 1185 703 3222 1411 1093 646 2966 1456 1123 666 3053 1245 973 573 2632 1399 1079 639 2933 1312 1019 604 2763 1424 1100 653 2989 1236 965 569 2612 1474 1135 675 3089 1388 1072 637 2913 1299 1011 599 2740 1396 1078 641 2930 1332 1030 611 2798 1267 988 586 2676 1203 942 556 2549 1319 1021 605 2773 1406 1082 643 2945 1404 1081 643 2941 1222 957 566 2589 1336 1037 615 2814 1237 963 570 2610 1329 1029 611 2795 1160 908 536 2458 1249 969 575 2631 1233 958 569 2600 1330 1025 612 2791 1219 951 564 2577 1277 991 590 2691 1281 993 591 2697 1210 943 560 2556 1245 967 574 2625 1285 998 593 2708 1234 962 570 2608 1276 991 589 2690 1237 965 572 2615 1374 1058 630 2880 1252 972 576 2638 1257 977 579 2651 1247 970 576 2632 1217 949 562 2572 1266 978 583 2660
2018-8-22 12:12:0 1423 1096 651 2981 1377 1065 631 2892 1433 1105 656 3005 1348 1045 618 2835 1478 1136 675 3091 1585 1212 720 3304 1462 1129 666 3066 1626 1242 736 3387 1602 1229 728 3345 1599 1226 725 3337 1711 1302 774 3554 1496 1157 682 3139 1672 1276 757 3478 1714 1309 777 3568 1716 1312 778 3573 1658 1270 753 3458 1598 1227 723 3337 1646 1262 745 3435 1655 1265 747 3447 1658 1267 750 3454 1512 1167 688 3169 1643 1254 744 3420 1499 1152 682 3133 1563 1200 712 3265 1602 1225 729 3338 1410 1090 645 2958 1349 1047 619 2839 1365 1059 626 2872 1617 1237 735 3370 1383 1072 632 2908 1542 1184 701 3223 1365 1060 623 2873 1668 1270 754 3466 1431 1105 652 3002 1525 1174 694 3193 1563 1202 714 3269 1413 1095 649 2971 1429 1106 655 3003 1415 1094 648 2971 1477 1138 674 3093 1444 1115 660 3030 1504 1156 684 3144 1462 1124 664 3058 1476 1135 671 3087 1574 1203 712 3280 1378 1067 628 2896 1534 1182 699 3213 1415 1097 647 2975 1622 1245 740 3389 1526 1176 697 3196 1519 1165 692 3172 1389 1076 635 2919 1404 1085 641 2947 1404 1085 641 2946 1502 1153 684 3139 1389 1073 634 2915 1300 1009 594 2737 1358 1008 595 2848 1407 1084 644 2948 1257 978 579 2651
2018-8-22 12:13:0 1073 837 499 2271 1001 790 468 2134 1029 810 481 2191 1122 874 519 2371 1065 835 494 2261 1177 913 541 2482 1088 850 501 2304 1085 852 501 2304 1309 1008 599 2744 1150 900 531 2437 1213 945 560 2562 1270 985 585 2674 1396 1075 641 2926 1203 937 554 2541 1256 975 578 2648 1159 906 536 2455 1187 926 547 2509 1253 970 576 2637 1259 977 578 2653 1226 950 562 2581 1280 991 587 2693 1306 1012 599 2748 1409 1089 646 2959 1384 1069 634 2905 1472 1133 672 3083 1424 1100 651 2989 1398 1081 638 2937 1315 1022 602 2772 1537 1173 696 3201 1414 1089 643 2963 1371 1054 623 2870 1259 978 576 2652 1202 938 552 2541 1510 1152 686 3145 1247 971 574 2633 1320 1022 604 2774 1382 1066 632 2899 1396 1077 637 2928 1455 1119 663 3046 1462 1124 665 3059 1431 1105 651 3003 1404 1086 638 2950 1699 1289 767 3523 1627 1240 737 3385 1352 1050 618 2849 1521 1167 691 3178 1536 1178 699 3209 1447 1114 659 3030 1526 1168 693 3183 1556 1187 706 3239 1316 1020 602 2770 1397 1076 637 2929 1312 1014 599 2757 1253 973 574 2641 1313 1015 600 2759 1278 993 585 2694 1386 1072 634 2913 1321 1027 607 2786 1361 1055 625 2865 1205 945 557 2557
2018-8-22 12:14:0 956 758 448 2046 1018 799 474 2164 1021 800 475 2168 967 763 452 2064 914 725 428 1957 981 771 459 2089 935 741 441 2003 957 756 451 2045 1030 809 484 2192 922 732 436 1976 887 705 417 1902 888 704 417 1903 979 767 456 2081 961 755 448 2045 932 737 437 1993 1018 799 475 2165 976 773 458 2088 1150 895 535 2431 964 767 454 2067 1034 815 483 2204 1194 926 552 2519 1035 814 480 2204 1109 865 511 2347 986 778 457 2104 1026 807 476 2185 1156 900 533 2443 1070 840 496 2274 1120 877 521 2376 1054 831 493 2247 1089 856 509 2317 1121 876 521 2376 1079 847 502 2293 1104 862 509 2339 1075 844 497 2286 1127 879 518 2386 1122 877 517 2378 1183 920 544 2498 1048 828 489 2238 1041 822 488 2222 1082 852 508 2305 1032 815 486 2204 971 768 457 2075 933 740 439 1998 890 707 419 1909 870 689 408 1863 803 641 378 1729 859 679 358 1838 842 668 398 1806 761 611 363 1645 750 603 359 1625 823 656 393 1771 785 627 375 1692 754 604 360 1629 707 571 339 1535 800 636 379 1719 809 644 383 1739 746 599 355 1614 756 606 359 1633 786 629 374 1696 826 659 392 1779
2018-8-22 12:15:0 1175 914 545 2484 1024 809 479 2186 1041 819 485 2216 1065 835 495 2264 1022 804 476 2177 980 774 457 2092 1001 787 466 2131 1027 806 477 2185 1055 826 490 2239 1000 788 467 2133 1014 798 472 2159 1018 801 474 2167 1042 817 484 2215 997 786 466 2127 1089 854 507 2313 1010 796 472 2154 1033 811 482 2198 988 780 461 2109 1014 798 473 2160 1044 818 486 2217 942 744 440 2011 983 774 459 2095 980 771 457 2088 989 778 461 2107 986 776 460 2100 1025 807 478 2184 1037 815 483 2207 1040 817 484 2212 1015 798 471 2161 1054 827 488 2241 1048 823 485 2230 1077 842 498 2284 1031 810 478 2194 1030 811 480 2194 1181 918 547 2495 1079 846 502 2293 1061 832 493 2253 1056 829 491 2245 1019 802 474 2170 1076 843 500 2285 1114 869 515 2358 1155 898 532 2441 1067 837 494 2268 1141 891 527 2417 1111 871 515 2359 1168 911 541 2471 1104 867 513 2347 1153 901 534 2444 1196 933 554 2531 1195 932 553 2528 1149 900 532 2438 1101 861 508 2335 1103 861 509 2336 1073 838 496 2274 1002 786 466 2130 930 737 437 1991 941 741 441 2007 886 702 417 1898 847 673 400 1818 873 690 412 1867
2018-8-22 12:16:0 882 700 414 1890 901 713 423 1928 937 738 439 1999 942 742 441 2009 970 762 452 2067 915 725 429 1959 972 767 454 2076 1015 795 472 2156 1017 801 474 2168 968 765 453 2068 1106 865 514 2346 954 758 448 2045 1037 816 482 2208 1048 822 485 2226 1050 824 486 2233 1149 895 529 2430 1052 827 488 2238 1078 845 500 2289 1149 897 533 2433 1075 846 500 2290 1018 807 475 2178 1302 1005 598 2736 1274 989 586 2687 1233 960 567 2606 1160 910 535 2464 1220 953 560 2583 1344 1039 612 2826 1367 1060 625 2881 1384 1071 633 2911 1392 1081 640 2935 1358 1053 656 2861 1376 1065 630 2895 1379 1070 632 2905 1253 977 574 2648 1436 1106 653 3010 1346 1043 613 2834 1406 1084 638 2950 1470 1127 667 3072 1487 1142 676 3111 1260 984 579 2666 1549 1186 704 3235 1408 1089 642 2959 1581 1212 717 3303 1364 1061 624 2877 1519 1168 691 3180 1426 1102 649 2995 1410 1088 640 2958 1473 1136 669 3089 1411 1091 642 2964 1566 1199 709 3268 1517 1167 688 3175 1546 1188 701 3234 1528 1172 692 3193 1605 1228 726 3349 1445 1116 657 3033 1599 1223 724 3335 1392 1074 631 2919 1417 1093 643 2972 1457 1119 660 3047 1607 1225 726 3345
2018-8-22 12:17:0 1616 1241 736 3378 1586 1220 722 3319 1531 1177 695 3201 1606 1233 730 3356 1550 1196 705 3249 1500 1159 682 3148 1668 1274 754 3475 1612 1238 730 3370 1589 1217 718 3317 1574 1210 714 3293 1600 1228 725 3344 1453 1125 663 3054 1528 1176 694 3200 1541 1188 702 3230 1685 1292 766 3518 1485 1148 675 3118 1699 1295 766 3535 1424 1104 647 2996 1504 1161 682 3154 1513 1164 685 3167 1757 1339 794 3654 1717 1311 778 3577 1558 1197 707 3258 1677 1281 759 3493 1449 1123 661 3047 1778 1351 804 3691 1646 1260 745 3433 1549 1192 701 3243 1565 1202 708 3272 1645 1258 742 3429 1519 1172 690 3184 1557 1199 708 3261 1665 1274 754 3473 1548 1193 703 3244 1689 1291 765 3520 1552 1195 704 3250 1631 1248 737 3403 1555 1195 703 3254 1778 1352 801 3694 1628 1248 736 3137 1556 1197 704 3256 1533 1180 695 3210 1580 1212 715 3302 1398 1085 637 2943 1675 1279 760 3489 1629 1250 742 3404 1612 1239 734 3373 1534 1183 672 3217 1687 1288 764 3514 1444 1116 657 3033 1445 1120 658 3040 1421 1101 648 2989 1689 1292 766 3524 1601 1230 729 3350 1564 1206 714 3280 1515 1171 694 3182 1446 1120 663 3042 1473 1138 674 3094 1442 1114 659 3028 1341 1043 615 2828
2018-8-22 12:18:0 1475 1140 672 3099 1613 1239 734 3374 1438 1115 656 3026 1552 1196 708 3253 1637 1254 744 3417 1485 1148 678 3118 1470 1139 672 3092 1594 1223 724 3332 1485 1147 677 3117 1498 1157 683 3145 1553 1194 706 3251 1546 1194 704 3245 1573 1208 715 3289 1483 1147 677 3117 1436 1112 654 3020 1684 1288 765 3511 1679 1284 762 3501 1455 1127 663 3060 1595 1223 723 3332 1512 1167 689 3172 1646 1262 748 3438 1469 1137 670 3088 1586 1221 722 3322 1474 1140 672 3097 1454 1128 663 3061 1575 1210 715 3293 1514 1169 689 3178 1480 1146 675 3112 1741 1327 789 3623 1370 1069 628 2895 1376 1069 629 2901 1660 1269 755 3462 1360 1059 624 2872 1680 1279 761 3495 1292 1009 592 2734 1418 1097 648 2982 1358 1052 621 2859 1481 1139 676 3101 1470 1128 670 3075 1251 981 578 2655 1288 1006 593 2726 1444 1112 661 3028 1329 1033 611 2804 1210 948 558 2567 1286 1001 591 2717 1380 1069 633 2905 1522 1168 695 3184 1257 983 579 2663 1471 1134 611 3087 1419 1099 651 2987 1342 1044 617 2833 1324 1030 609 2795 1439 1109 657 3020 1333 1037 613 2814 1384 1073 635 2915 1387 1073 634 2918 1346 1045 616 2838 1515 1169 693 3179 1333 1041 613 2820 1413 1097 647 2977
2018-8-22 12:19:0 1357 1053 730 2859 1398 1085 639 2945 1460 1124 664 3060 1532 1177 697 3205 1579 1212 718 3303 1419 1104 651 2993 1525 1179 698 3204 1548 1192 707 3245 1560 1203 713 3271 1516 1171 692 3182 1644 1258 747 3432 1488 1150 678 3126 1522 1171 692 3187 1472 1138 671 3092 1447 1121 660 3044 1616 1239 734 3376 1427 1107 652 3005 1540 1188 704 3232 1413 1097 647 2978 1583 1218 638 3316 1632 1246 741 3402 1311 1026 602 2778 1337 1042 612 2825 1497 1153 683 3138 1427 1105 651 3002 1416 1097 647 2980 1478 1144 677 3107 1488 1151 681 3128 1450 1126 665 3054 1455 1125 664 3058 1529 1180 699 3209 1523 1174 695 3194 1366 1065 626 2887 1533 1180 697 3213 1471 1136 670 3089 1368 1068 628 2893 1591 1223 726 3331 1400 1090 643 2956 1420 1103 651 2994 1655 1265 752 3451 1494 1150 679 3131 1414 1098 647 2980 1581 1212 718 3304 1463 1132 668 3077 1556 1196 708 3257 1473 1139 673 3096 1482 1146 678 3113 1511 1167 691 3172 1519 1170 694 3184 1456 1127 667 3063 1336 1041 612 2822 1436 1113 657 3023 1406 1090 644 2960 1503 1160 688 3154 1605 1230 731 3353 1340 1044 614 2830 1568 1200 711 3274 1472 1137 673 3091 1523 1176 697 3197 1458 1129 667 3067
2018-8-22 12:20:0 1532 1180 698 3210 1498 1157 683 3145 1568 1202 712 3275 1520 1172 692 3188 1429 1110 653 3011 1518 1169 690 3180 1521 1172 692 3188 1447 1122 660 3045 1489 1147 677 3121 1414 1099 648 2982 1462 1130 668 3071 1591 1223 727 3331 1644 1260 747 3433 1426 1107 651 3005 1546 1189 703 3238 1465 1135 669 3083 1512 1167 689 3173 1440 1117 658 3032 1581 1214 720 3308 1418 1102 648 2990 1473 1139 673 3096 1496 1158 685 3146 1543 1189 705 3234 1622 1240 736 3383 1424 1106 651 3001 1444 1121 660 3042 1474 1137 672 3093 1540 1187 702 3228 1572 1207 715 3288 1442 1120 661 3039 1492 1151 681 3131 1526 1178 698 3203 1486 1149 679 3123 1498 1159 685 3149 1479 1143 675 3108 1519 1172 693 3187 1501 1160 685 3154 1480 1140 674 3103 1539 1187 701 3228 1445 1120 660 3041 1529 1179 698 3207 1538 1185 703 3223 1389 1083 638 2935 1477 1140 674 3099 1606 1226 727 3346 1354 1054 620 2857 1504 1157 684 3150 1429 1106 652 3005 1539 1181 699 3217 1529 1175 695 3200 1417 1097 647 2979 1561 1198 711 3263 1455 1125 664 3056 1480 1141 675 3104 1509 1162 687 3162 1448 1117 658 3037 1379 1070 629 2904 1507 1159 684 3155 1461 1126 664 3062 1409 1092 643 2965
2018-8-22 12:21:0 1321 1014 594 2758 1459 1108 652 3025 1416 1080 636 2943 1346 1029 603 2802 1346 1031 604 2805 1386 1058 622 2881 1392 1065 627 2899 1381 1055 620 2872 1420 1080 635 2945 1440 1097 646 2991 1357 1038 609 2825 1375 1051 617 2863 1337 1026 601 2789 1466 1113 657 3038 1283 989 578 2685 1288 991 579 2692 1466 1117 658 3045 1285 989 578 2686 1334 1021 598 2778 1325 1018 596 2767 1329 1020 596 2774 1408 1075 631 2928 1362 1045 614 2842 1438 1097 647 2989 1309 1007 590 2737 1475 1124 662 3063 1452 1104 650 3012 1367 1048 615 2850 1420 1085 637 2956 1370 1049 615 2854 1366 1049 615 2851 1312 1012 592 2746 1480 1124 663 3067 1336 1028 603 2794 1360 1041 611 2835 1385 1061 622 2887 1388 1062 623 2892 1427 1090 642 2970 1333 1025 601 2786 1328 1021 598 2775 1455 1109 653 3024 1390 1064 625 2897 1491 1134 669 3093 1309 1010 590 2742 1371 1051 618 2860 1441 1102 649 3000 1389 1064 625 2896 1334 1024 600 2784 1395 1070 629 2909 1379 1056 620 2873 1321 1016 594 2761 1420 1083 635 2951 1420 1083 636 2953 1398 1068 627 2909 1387 1063 624 2892 1352 1040 610 2825 1430 1091 642 2973 1387 1061 622 2888 1470 1118 658 3049 1233 953 556 2585
2018-8-22 12:22:0 1555 1184 699 3229 1327 1025 599 2783 1590 1207 713 3296 1538 1171 691 3194 1357 1045 613 2840 1408 1082 634 2942 1387 1063 623 2893 1478 1130 664 3078 1531 1166 688 3180 1411 1082 635 2944 1440 1103 648 3003 1344 1035 606 2813 1416 1085 637 2953 1382 1061 622 2886 1523 1161 685 3165 1330 1026 601 2786 1253 973 566 2636 1653 1246 738 3411 1333 1029 602 2793 1514 1154 681 3146 1304 1009 590 2737 1343 1036 607 2813 1479 1129 664 3076 1393 1071 628 2912 1365 1048 613 2850 1518 1157 681 3155 1369 1052 617 2860 1385 1065 625 2894 1448 1107 652 3016 1378 1061 623 2883 1590 1206 714 3294 1378 1059 622 2880 1487 1133 666 3090 1394 1071 627 2912 1519 1153 680 3149 1445 1107 652 3013 1475 1129 665 3074 1475 1129 665 3074 1483 1134 667 3088 1411 1084 636 2948 1307 1012 592 2746 1584 1204 712 3286 1432 1101 647 2994 1392 1073 631 2914 1471 1127 664 3069 1503 1149 677 3131 1520 1159 683 3160 1378 1060 622 2882 1364 1052 617 2857 1344 1038 609 2819 1534 1165 688 3182 1478 1133 666 3084 1495 1145 674 3118 1363 1051 616 2856 1280 993 580 2692 1724 1296 769 3553 1505 1151 679 3135 1481 1133 668 3085 1375 1062 623 2883 1430 1099 646 2990
2018-8-22 12:23:0 1427 1179 694 2963 1396 1068 625 2906 1539 1167 687 3185 1557 1177 692 3216 1530 1158 680 3163 1392 1063 620 2893 1439 1098 643 2989 1531 1160 683 3166 1411 1080 631 2937 1427 1087 636 2962 1484 1129 662 3077 1367 1041 610 2838 1363 1037 610 2829 1144 883 517 2398 882 690 404 1867 867 676 399 1834 712 566 332 1526 706 560 331 1512 729 578 341 1560 820 645 381 1745 910 711 418 1927 829 653 381 1765 853 671 392 1814 952 739 436 2008 849 668 391 1806 828 653 383 1764 800 631 371 1707 745 591 347 1596 775 613 361 1657 730 580 342 1566 687 548 322 1478 747 593 349 1601 740 587 345 1586 819 645 380 1745 804 635 373 1716 825 651 382 1760 875 686 403 1857 857 674 396 1823 905 706 417 1915 788 622 365 1682 833 653 384 1769 809 636 374 1721 755 598 351 1614 770 608 358 1644 739 585 344 1580 744 589 346 1590 829 649 384 1759 713 568 333 1530 796 623 368 1689 673 534 315 1442 609 488 288 1314 599 479 283 1292 533 431 254 1159 534 431 255 1160 525 425 252 1142 490 400 237 1072 514 417 247 1120 487 397 235 1065 492 400 237 1075 459 376 223 1009
2018-8-22 12:24:0 1532 1162 683 3170 1529 1162 682 3167 1555 1180 692 3219 1606 1218 715 3322 1664 1255 740 3430 1478 1128 660 3070 1502 1143 670 3113 1578 1197 703 3264 1475 1122 658 3057 1609 1219 717 3327 1544 1170 687 3193 1469 1122 656 3052 1586 1200 706 3276 1475 1127 659 3066 1723 1300 766 3553 1627 1234 726 3367 1572 1191 700 3251 1508 1150 674 3132 1538 1168 685 3184 1542 1173 687 3197 1629 1231 723 3362 1661 1253 739 3425 1596 1210 712 3302 1678 1270 748 3467 1572 1196 701 3259 1501 1144 671 3116 1677 1267 746 3460 1458 1114 651 3033 1705 1285 756 3513 1480 1130 661 3075 1626 1230 724 3358 1695 1277 753 3492 1447 1106 647 3009 1548 1176 691 3208 1504 1145 673 3120 1419 1082 634 2947 1385 1061 621 3048 1551 1178 694 3215 1536 1169 687 3186 1475 1127 662 3068 1648 1243 735 3399 1366 1050 616 2851 1615 1223 722 3338 1445 1105 649 3007 1586 1203 707 3284 1386 1063 623 2891 1572 1194 703 3257 1484 1132 665 3084 1558 1184 697 3229 1555 1180 694 3219 1437 1096 643 2986 1564 1189 700 3241 1462 1116 656 3037 1576 1196 705 3263 1411 1078 632 2934 1561 1136 667 3233 1404 1075 630 2924 1699 1280 756 3501 1456 1112 652 3027 1661 1253 739 3426
2018-8-22 12:25:0 1821 1381 813 3768 1757 1337 786 3645 1688 1288 756 3507 1711 1300 765 3545 1692 1288 759 3511 1783 1348 798 3683 1542 1183 696 3215 1746 1323 783 3612 1527 1172 687 3185 1805 1363 806 3727 1702 1294 763 3530 1768 1342 792 3663 1645 1256 738 3420 1815 1374 810 3754 1582 1211 710 3295 1673 1274 748 3472 1653 1261 742 3436 1802 1367 808 3731 1743 1326 707 3617 1713 1302 767 3551 1749 1330 783 3627 1732 1321 778 3599 1785 1355 800 3698 1685 1292 760 3512 1792 1365 804 3721 1801 1373 808 3742 1908 1449 855 3954 1773 1353 796 3686 1777 1355 796 3693 1697 1298 762 3533 1858 1408 830 3845 1617 1241 729 3373 1967 1483 878 4058 1650 1265 744 3440 1748 1329 784 3625 1620 1240 729 3375 1501 1156 677 3140 1580 1212 713 3297 1719 1309 774 3569 1806 1375 813 3750 1603 1231 725 3348 1927 1454 863 3978 1571 1206 710 3279 1812 1376 812 3756 1628 1243 731 3387 1755 1337 788 3644 1661 1268 747 3454 1781 1353 798 3692 1647 1257 740 3424 1858 1404 830 3839 1594 1218 715 3316 1808 1363 805 3728 1541 1180 693 3209 1600 1221 718 3325 1549 1187 697 3228 1775 1343 794 3669 1630 1242 732 3385 1608 1226 723 3341 1541 1178 693 3207 1492 1144 673 3112
2018-8-22 12:26:0 1295 998 591 2711 1301 1003 594 2725 1366 1049 622 2853 1369 1051 624 2858 1327 1023 606 2779 1326 1020 604 2773 1255 971 573 2634 1405 1076 638 2930 1283 992 586 2692 1296 1002 593 2720 1349 1039 616 2823 1252 972 574 2635 1424 1093 649 2974 1302 1006 596 2732 1334 1027 609 2792 1224 950 562 2575 1320 1018 605 2766 1278 987 585 2680 1291 998 591 2709 1318 1017 602 2761 1375 1059 627 2879 1393 1071 633 2912 1542 1181 700 3214 1463 1125 665 3057 1515 1162 687 3161 1513 1162 686 3159 1666 1268 752 3457 1483 1141 761 3100 1577 1205 712 3281 1631 1244 736 3389 1646 1257 743 3424 1626 1243 733 3383 1775 1349 800 3679 1864 1412 837 3855 1632 1251 736 3401 1912 1447 858 3953 1763 1344 792 3661 1890 1435 848 3916 1976 1495 887 4083 1717 1316 775 3578 1989 1502 891 4105 1901 1442 852 3936 1731 1323 778 3601 1733 1324 779 3605 1669 1279 753 3480 1879 1423 844 3887 1651 1260 746 3431 1540 1183 699 3215 1593 1213 719 3308 1486 1139 675 3098 1344 1039 613 2819 1486 1137 675 3096 1482 1135 674 3090 1373 1061 628 2879 1505 1151 684 3136 1332 1031 610 2797 1384 1065 631 2896 1315 1017 601 2760 1393 1072 635 2915 1429 1096 650 2984
2018-8-22 12:27:0 1539 1180 702 3211 1533 1176 696 3200 1553 1192 706 3242 1469 1135 670 3080 1617 1242 734 3376 1794 1367 811 3726 1711 1313 776 3569 1795 1371 811 3733 1744 1336 789 3633 1705 1309 773 3556 1978 1495 890 4086 1702 1304 769 3545 1842 1397 828 3813 1754 1336 791 3640 1785 1359 805 3704 1731 1322 781 3598 1895 1438 853 3923 1867 1419 839 3869 1939 1472 871 4014 1914 1453 858 3963 1691 1298 764 3527 2054 1550 922 4238 1729 1325 783 3603 1748 1336 792 3638 1559 1198 710 3256 1495 1150 681 3125 1407 1083 642 2943 1393 1072 636 2914 1289 997 593 2706 1337 1032 615 2804 1251 972 579 2633 1347 1040 621 2826 1241 965 574 2616 1270 985 585 2671 1235 961 571 2604 1286 997 593 2705 1270 985 587 2672 1326 1025 611 2784 1258 976 581 2647 1343 1035 619 2814 1190 927 552 2509 1245 964 576 2591 1150 895 534 2425 1247 962 576 2614 1145 889 531 2410 1153 896 535 2429 1141 887 530 2404 1142 885 529 2401 1108 862 515 2336 1147 889 531 2411 1123 872 521 2365 1115 866 518 2348 1088 847 507 2296 1091 848 508 2298 1032 806 482 2181 1056 822 491 2226 1011 789 471 2136 1048 814 486 2206 1046 812 486 2202 1036 806 483 2184
2018-8-22 12:28:0 1321 1011 599 2751 1257 969 572 2629 1333 1025 606 2783 1477 1127 669 3070 1487 1136 673 3092 1475 1129 667 3071 1543 1178 698 3207 1437 1105 652 3000 1520 1164 688 3165 1656 1256 744 3426 1589 1215 717 3306 1723 1310 775 3571 1576 1207 712 3281 1704 1296 769 3533 1542 1181 698 3210 1696 1288 765 3512 1518 1160 688 3157 1498 1145 679 3117 1415 1084 643 2947 1348 1036 615 2815 1289 995 592 2699 1487 1154 713 3122 1601 1257 789 3383 1706 1340 851 3604 1627 1287 831 3449 1784 1418 919 3794 1524 1218 789 3257 1711 1356 881 3633 1517 1216 793 3246 1618 1298 854 3462 1735 1388 919 3702 1621 1302 863 3469 1654 1331 885 3542 1689 1354 900 3611 1682 1352 900 3600 1751 1404 937 3742 1556 1253 834 3336 1603 1295 865 3443 1748 1407 944 3742 1789 1438 964 3829 1780 1428 953 3805 1747 1408 940 3747 1693 1363 1003 3629 1757 1414 947 3763 1750 1411 948 3754 1778 1432 963 3809 1720 1388 930 3693 1690 1363 912 3626 1798 1448 972 3852 1708 1380 926 3669 1813 1458 979 3882 1755 1414 946 3763 1810 1458 976 3880 1866 1501 1005 3996 1854 1495 1000 3977 2023 1621 1087 4319 1964 1583 1062 4211 1776 1433 957 3810 1968 1578 1054 4204 1984 1588 1063 4233
2018-8-22 12:29:0 4934 4460 4258 9603 4888 4421 4222 9522 4831 4371 4175 9415 4719 4274 4086 9213 4742 4300 4110 9283 4757 4314 4123 9312 4786 4341 4148 9375 4796 4347 4154 9379 4907 4446 4246 9590 4940 4472 4270 9641 5007 4527 4322 9743 5057 4570 4363 9830 5062 4580 4372 9874 5053 4578 4369 9883 4927 4473 4271 9678 4861 4416 4219 9565 4827 4389 4193 9510 4797 4365 4171 9463 4830 4394 4198 9531 4938 4492 4288 9751 4962 4515 4309 9806 4959 4513 4307 9806 4892 4459 4256 9704 4891 4460 4258 9718 4985 4547 4339 9914 5058 4618 4406 10088 4903 4483 4281 9802 4733 4332 4052 9474 4521 4140 3961 9050 4490 4110 3931 8979 4361 3993 3821 8723 4268 3909 3742 8539 4070 3730 3573 8144 3314 3048 2932 6643 3106 2859 2754 6226 3067 2824 2721 6149 3462 3178 3052 6923 3540 3250 3120 7085 3662 3363 3227 7333 3549 3262 3133 7113 3537 3253 3126 7097 3676 3380 3246 7381 3808 3499 3358 7646 3918 3634 3484 7862 3981 3652 3501 7977 3956 3631 3482 7934 3928 3607 3462 7886 3886 3571 3428 7810 3803 3499 3361 7658 3698 3406 3275 7454 3687 3396 3264 7429 3706 3412 3280 7464 3687 3394 3262 7421 3670 3379 3249 7390 3606 3322 3196 7262 3614 3330 3203 7281 3668 3379 3250 7395 3818 3513 3375 7687 3731 3434 3300 7509 3790 3486 3350 7623
2018-8-22 12:30:0 3733 3374 3215 7230 3790 3422 3259 7330 4356 3922 3724 8411 5181 4664 4418 10034 5578 5020 4754 10783 5588 5028 4761 10787 5540 4984 4718 10681 5516 4963 4698 10644 5220 4697 4450 10066 4954 4456 4219 9546 4929 4430 4192 9484 4821 4329 4095 9270 4766 4282 4051 9173 4415 3977 3772 8512 3325 3011 2881 6418 3370 3054 2924 6520 3368 3054 2925 6515 3415 3102 2971 6629 3392 3081 2952 6582 3454 3137 3005 6715 3465 3147 3015 6737 3440 3125 2994 6676 3327 3021 2895 6428 3351 3042 2916 6483 3368 3058 2930 6530 3507 3178 3041 6773 3624 3281 3137 6992 4027 3630 3460 7731 4548 4097 3895 8763 4850 4365 4143 9361 5075 4559 4324 9773 5145 4621 4382 9913 5152 4629 4390 9940 5076 4564 4329 9808 5057 4549 4315 9769 4830 4352 4132 9345 4713 4248 4036 9112 4841 4364 4143 9374 5310 4774 4524 10260 5330 4793 4542 10300 5381 4841 4586 10398 5558 5003 4739 10761 5568 5013 4748 10777 5386 4854 4600 10407 5547 4998 4735 10732 5698 5130 4857 11023 5721 5147 4871 11058 5562 5010 4745 10762 5151 4644 4403 9941 4524 4081 3880 8711 4609 4158 3953 8896 4911 4431 4207 9488 4993 4504 4274 9642 5032 4538 4307 9716 5012 4519 4288 9672 4986 4496 4266 9612 4926 4442 4215 9487 4854 4377 4154 9327 4882 4402 4179 9387 4829 4357 4137 9285
2018-8-22 12:31:0 3713 3365 3215 7204 3612 3274 3130 6995 3471 3148 3011 6708 3490 3166 3028 6746 3440 3121 2985 6647 3437 3119 2983 6642 3544 3214 3073 6856 3739 3389 3238 7249 3744 3393 3241 7258 3752 3400 3249 7277 3859 3496 3339 7500 3910 3542 3382 7605 3928 3558 3398 7646 3923 3554 3393 7633 3914 3545 3385 7609 3895 3528 3369 7567 3905 3538 3378 7586 3918 3549 3389 7611 3948 3576 3414 7681 3941 3569 3408 7663 3872 3506 3347 7507 3790 3431 3277 7338 3687 3340 3190 7130 3675 3328 3180 7098 3815 3453 3296 7378 3703 3353 3202 7155 3617 3276 3130 6983 3594 3255 3110 6931 3587 3249 3105 6920 3622 3280 3134 6988 3699 3349 3199 7145 3740 3386 3234 7230 3864 3498 3340 7484 3909 3539 3379 7581 3858 3493 3335 7471 3844 3481 3323 7447 3783 3426 3272 7326 3773 3416 3262 7298 3834 3472 3315 7423 3864 3498 3339 7482 3821 3460 3303 7395 3844 3481 3323 7441 3790 3432 3277 7335 3675 3329 3179 7098 3869 3501 3341 7483 3883 3514 3354 7512 3925 3552 3390 7594 4006 3624 3458 7764 4014 3631 3464 7785 4043 3657 3489 7847 4040 3654 3486 7839 4012 3628 3461 7774 3879 3509 3349 7499 3792 3430 3275 7319 3712 3359 3207 7153 3777 3416 3261 7285 3795 3432 3276 7326 3707 3355 3204 7153 3685 3336 3186 7105 3652 3306 3157 7034
2018-8-22 12:32:0 10239 9067 8503 18980 10415 9220 8646 19320 10601 9379 8794 19678 10567 9351 8768 19618 10468 9269 8692 19475 10515 9307 8728 19570 10261 9086 8522 19087 9500 8422 7903 17681 9643 8545 8017 17963 9879 8748 8206 18421 9836 8706 8168 18333 9760 8643 8110 18198 9910 8785 8244 18502 9897 8776 8238 18495 9866 8751 8215 18454 9763 8658 8130 18236 9719 8618 8094 18129 9839 8725 8196 18362 10069 8921 8381 18817 10112 8960 8418 18908 9951 8824 8292 18637 9715 8617 8098 18202 9413 8350 7849 17624 9073 8056 7574 16983 8824 7840 7372 16518 8672 7709 7251 16229 8428 7492 7050 15751 8349 7421 6984 15591 8027 7140 6721 14992 7793 6935 6530 14550 7526 6702 6313 14045 7123 6355 5994 13314 6824 6092 5751 12752 6454 5766 5449 12050 5926 5298 5017 11071 5857 5238 4961 10961 6022 5383 5093 11248 6204 5545 5243 11606 6139 5486 5188 11474 6691 5977 5646 12533 6873 6137 5793 12884 6908 6167 5820 12955 6952 6203 5854 13048 7054 6295 5940 13249 7018 6267 5916 13197 7061 6305 5952 13288 7141 6376 6016 13455 7131 6367 6006 13451 7044 6288 5932 13276 6848 6109 5763 12900 6690 5965 5626 12601 6428 5728 5401 12085 6245 5551 5233 11684 6193 5498 5183 11578 5965 5294 4992 11129 6001 5321 5016 11189 6537 5790 5451 12204 6051 5367 5060 11277 6102 5414 5105 11379 5718 5078 4796 10648
2018-8-22 12:33:0 3940 3563 3398 7629 3937 3558 3392 7629 3841 3465 3300 7427 3778 3406 3242 7297 3805 3427 3260 7331 4157 3743 3555 8014 4522 4066 3853 8717 4422 3977 3762 8542 4150 3734 3531 8029 3845 3463 3274 7454 3032 2731 2581 5883 2451 2204 2083 4736 2474 2224 2102 4777 2501 2248 2125 4828 2665 2394 2263 5141 2808 2522 2383 5408 2790 2504 2366 5369 2881 2591 2448 5398 2865 2575 2432 5515 2818 2533 2392 5411 2513 2261 2136 4788 2214 1996 1888 4188 2071 1870 1770 3906 2216 1994 1885 4169 2432 2187 2066 4608 2293 2064 1951 4334 2273 2046 1934 4299 2199 1981 1873 4146 2377 2139 2022 4508 2311 2080 1966 4364 2503 2253 2128 4760 2483 2234 2111 4713 2522 2269 2144 4790 2596 2336 2206 4940 2602 2340 2210 4946 2587 2327 2198 4913 2794 2510 2370 5329 2959 2653 2503 5632 3098 2780 2622 5917 3224 2892 2727 6161 3295 2956 2788 6316 3368 3024 2852 6482 3436 3084 2908 6617 3450 3098 2921 6657 3494 3137 2958 6746 3518 3158 2977 6791 3521 3161 2980 6798 3544 3181 2999 6846 3559 3195 3012 6873 3564 3198 3015 6877 3551 3187 3004 6850 3534 3172 2990 6820 3428 3076 2900 6603 3403 3051 2876 6540 3408 3053 2877 6536 3652 3268 3076 6993 3701 3310 3115 7078 3635 3250 3059 6935 3613 3231 3041 6891 3689 3297 3103 7037
2018-8-22 12:34:0 798 670 643 1378 780 654 629 1345 804 673 645 1389 905 761 726 1575 1244 1052 997 2210 1344 1132 1069 2376 1209 1011 956 2116 822 677 646 1396 1531 1292 1217 2713 1578 1323 1248 2786 1587 1323 1251 2797 1682 1403 1326 2970 1685 1404 1328 2973 1695 1413 1336 2993 1710 1427 1349 3023 1653 1376 1301 2913 1609 1336 1263 2828 1609 1335 1261 2824 1667 1390 1315 2950 1691 1412 1336 2997 1713 1433 1356 2995 1662 1399 1323 2966 1635 1381 1305 2924 1497 1268 1198 2670 1468 1245 1176 2619 1439 1221 1154 2566 1191 1000 945 2094 1264 1062 1004 2230 1090 913 865 1905