METADATA
initial_wait: 1
measures: 60
period: 1
depth: 1.00
lat: 0.00
lon: 0.00
timestamp: 2106-2-6 6:28:16
sample_counter: 1
name: 18
maker: ICM-CSIC
curator: ICM-CSIC
email: 
sensors: TCS34725
description: KduinoSafata
place: lab ICM
units: counts, counts, counts, counts
DATA
DATE HOUR RED GREEN BLUE CLEAR
2018-8-22 11:45:0 3693 3215 3104 7041 3704 3224 3113 7061 3747 3261 3148 7142 3776 3286 3171 7196 3786 3292 3176 7208 3828 3331 3214 7297 3644 3180 3075 6987 3839 3345 3229 7340 3921 3413 3292 7487 3976 3458 3334 7583 3999 3479 3353 7632 4072 3542 3412 7771 4109 3581 3451 7871 4152 3636 3509 8020 4290 3757 3624 8288 4399 3856 3718 8509 4488 3933 3791 8682 4374 3827 3686 8445 3687 3230 3109 7133 1076 979 976 2199 775 712 720 1607 506 464 478 1040 414 373 385 821 465 426 440 953 459 435 455 986 472 441 459 995 624 571 585 1283 766 697 708 1567 854 775 787 1748 782 719 735 1635 757 704 723 1607 782 727 746 1661 849 788 805 1796 929 855 871 1948 1107 1021 1035 2324 1805 1633 1616 3649 4286 3758 3623 8307 4088 3597 3475 7970 4168 3666 3542 8124 5350 4667 4483 10278 5832 5073 4863 11154 5804 5051 4843 11111 5740 4996 4788 10989 5674 4942 4737 10876 5623 4898 4694 10783 5347 4669 4483 10302 5370 4692 4505 10357 4340 3803 3647 8407 3146 2795 2695 6149 3098 2760 2665 6068 3184 2841 2742 6229 3116 2787 2695 6097 2354 2119 2073 4677 2013 1815 1785 4036 2132 1924 1889 4270 2260 2039 2000 4515 2651 2384 2326 5241 3261 2894 2797 6379 2325 2093 2051 4630 2531 2280 2228 5018
2018-8-22 11:46:0 2634 2389 2355 5391 2640 2394 2359 5404 2048 1877 1868 4249 2329 2112 2085 4766 2632 2378 2341 5365 2667 2417 2382 5460 2646 2397 2362 5414 2623 2374 2340 5359 2584 2337 2302 5270 2563 2318 2285 5228 2539 2297 2265 5179 2530 2289 2257 5159 2518 2278 2247 5133 2508 2268 2238 5110 2500 2262 2232 5094 2491 2254 2225 5075 2483 2247 2218 5059 2478 2244 2216 5054 2473 2240 2213 5046 2470 2238 2210 5039 2473 2240 2213 5043 2478 2245 2217 5054 2484 2249 2222 5066 2492 2257 2229 5083 2501 2265 2237 5101 2512 2275 2246 5124 2521 2284 2254 5144 2524 2287 2258 5152 2528 2291 2261 5162 2533 2294 2265 5168 2531 2291 2262 5160 2529 2289 2259 5153 2526 2287 2257 5147 2518 2278 2248 5125 2517 2278 2248 5126 2512 2273 2244 5116 2507 2269 2240 5107 2503 2265 2236 5098 2500 2262 2234 5091 2496 2259 2231 5084 2493 2257 2228 5078 2488 2252 2224 5068 2484 2248 2220 5059 2480 2245 2217 5050 2478 2243 2215 5045 2476 2241 2213 5040 2472 2237 2209 5032 2468 2233 2206 5024 2464 2230 2202 5015 2464 2230 2203 5016 2463 2229 2202 5013 2465 2231 2203 5016 2466 2232 2205 5020 2466 2232 2205 5020 2466 2232 2204 5020 2468 2233 2206 5023 2468 2233 2206 5023 2468 2234 2206 5025 2470 2235 2208 5028 2475 2239 2211 5037
2018-8-22 11:47:0 2020 1784 1730 3943 2567 2319 2281 5215 2552 2305 2268 5185 2541 2296 2260 5164 2519 2266 2227 5090 912 805 793 1776 756 684 685 1518 815 743 749 1658 955 877 884 1967 912 831 836 1850 1414 1244 1216 2737 1440 1254 1222 2766 634 568 570 1257 665 612 622 1364 560 514 525 1138 718 660 671 1471 791 729 741 1633 731 658 663 1452 1386 1209 1183 2660 1603 1384 1346 3035 1163 1000 975 2190 889 766 752 1679 621 552 554 1219 374 342 349 746 247 226 228 472 216 198 201 410 297 275 280 582 318 296 302 630 224 206 209 428 200 184 187 380 252 233 237 490 258 238 242 503 216 200 203 416 191 176 178 362 174 160 161 325 151 138 138 278 123 112 112 223 141 129 130 260 329 309 317 662 364 342 352 745 330 308 317 667 991 853 831 1872 505 430 426 938 845 728 715 1602 995 886 876 1962 940 835 826 1849 1611 1415 1382 3124 1180 1018 993 2230 905 778 763 1708 810 699 688 1541 1267 1089 1057 2380 1158 1013 987 2219 743 659 649 1449 681 609 603 1337 671 600 594 1317 604 541 538 1187 587 531 530 1163 405 367 369 788 149 133 133 265 130 114 114 218
2018-8-22 11:48:0 2812 2527 2482 5649 2817 2528 2481 5643 2828 2536 2490 5659 2835 2540 2493 5665 2844 2548 2500 5681 2826 2527 2478 5628 2190 1960 1930 4344 1478 1342 1338 2988 1719 1547 1532 3423 2111 1886 1856 4171 2168 1942 1913 4298 2340 2092 2057 4634 2557 2281 2237 5047 2306 2060 2025 4561 2485 2217 2176 4906 2638 2353 2307 5212 2692 2392 2341 5290 2018 1800 1773 3962 1476 1334 1461 2956 1652 1497 1487 3324 1672 1514 1503 3361 1720 1557 1545 3456 1825 1649 1634 3651 1810 1635 1621 3621 1896 1711 1693 3783 2524 2248 2207 4955 2719 2421 2373 5341 2704 2408 2361 5313 2706 2409 2363 5313 2659 2369 2324 5222 2624 2337 2293 5148 2601 2316 2273 5100 2529 2253 2213 4959 2799 2478 2426 5455 3046 2698 2640 5952 3066 2708 2647 5969 3078 2726 2667 6012 3083 2727 2667 6012 3009 2656 2593 5851 2869 2529 2469 5561 2665 2348 2239 5157 2145 1898 1863 4175 2118 1873 1838 4110 2272 1995 1952 4370 2484 2171 2111 4754 1771 1577 1554 3467 2233 1964 1919 4313 2449 2159 2109 4745 3069 2705 2636 5953 3274 2886 2809 6353 3100 2729 2657 5996 3350 2941 2858 6445 3895 3412 3307 7476 4247 3706 3582 8104 4636 4037 3897 8811 4160 3619 3503 7864 2735 2414 2374 5238 5748 4959 4768 10770 3677 3236 3164 6952 4346 3818 3717 8167
2018-8-22 11:49:0 3019 2717 2667 6064 3841 3413 3320 7561 4148 3650 3533 8038 3439 3019 2922 6595 2617 2303 2236 5009 2541 2236 2171 4862 867 748 740 1561 462 391 394 772 468 397 399 783 486 405 406 802 461 383 385 757 448 379 382 752 449 382 384 756 425 359 361 707 430 363 365 714 434 366 367 721 426 359 360 705 425 358 359 703 450 381 382 754 540 461 459 926 611 524 521 1067 589 503 500 1020 579 494 491 1000 576 491 488 991 558 474 472 954 572 486 484 981 579 493 490 995 597 509 506 1029 689 591 585 1211 2077 1814 1762 3919 3208 2806 2715 6109 4075 3573 3452 7823 3877 3434 3336 7588 2872 2579 2532 5736 2730 2458 2417 5473 2719 2449 2410 5456 2770 2496 2455 5564 2839 2557 2514 5703 2855 2573 2530 5741 2853 2572 2529 5740 2840 2560 2517 5713 2825 2547 2504 5682 2842 2564 2522 5722 2873 2594 2552 5791 2891 2611 2569 5833 2911 2629 2588 5876 2923 2640 2598 5896 2943 2655 2612 5923 2946 2655 2612 5925 2939 2650 2607 5909 2890 2607 2565 5814 2705 2443 2408 5444 1819 1658 1653 3657 2764 2491 2450 5533 2734 2467 2429 5502 2706 2443 2406 5447 2756 2492 2457 5564 2793 2527 2492 5651 2816 2548 2513 5700 2816 2548 2513 5698
2018-8-22 11:50:0 4775 4220 4101 9271 4717 4170 4054 9162 4670 4130 4014 9072 4662 4124 4009 9058 4682 4142 4028 9101 4712 4169 4053 9161 4778 4226 4107 9288 4876 4312 4188 9476 4992 4413 4285 9700 5135 4538 4405 9979 5252 4642 4504 10205 5346 4723 4581 10384 5441 4805 4659 10563 5521 4875 4725 10712 5593 4936 4784 10845 5707 5034 4877 11052 5862 5166 5002 11338 6062 5337 5164 11707 6273 5518 5334 12093 6484 5698 5505 12478 6672 5858 5657 12814 6807 5970 5762 13043 6854 5999 5786 13076 6992 6104 5882 13262 7145 6233 6006 13544 7305 6377 6143 13871 7534 6576 6333 14325 7826 6824 6567 14859 8099 7043 6771 15329 8310 7214 6929 15676 8535 7403 7106 16071 8810 7634 7325 16560 9173 7948 7625 17240 9335 8085 7755 17535 9381 8125 7792 17619 9319 8071 7742 17505 9046 7832 7512 16981 8858 7675 7364 16646 8677 7522 7218 16320 8561 7424 7125 16111 8438 7320 7027 15895 8547 7427 7133 16147 8532 7408 7112 16113 8522 7405 7112 16116 8406 7319 7034 15936 8199 7145 6870 15565 7930 6917 6654 15076 7623 6655 6406 14518 7330 6408 6172 13991 7038 6160 5938 13464 6774 5933 5723 12979 6537 5732 5533 12548 6352 5575 5385 12218 6168 5414 5230 11883 6071 5335 5157 11721 5962 5244 5071 11526 5846 5146 4978 11318 5735 5052 4888 11115 5651 4979 4818 10955 5591 4927 4769 10846
2018-8-22 11:51:0 4706 4169 4052 9101 4672 4138 4023 9031 4662 4131 4017 9012 4687 4154 4039 9060 4698 4163 4048 9079 4715 4178 4062 9108 4717 4179 4062 9104 4724 4183 4066 9109 4719 4179 4062 9100 4698 4160 4045 9061 4659 4127 4013 8988 4604 4078 3966 8879 4550 4031 3922 8782 4472 3964 3858 8642 4446 3942 3836 8596 4421 3921 3815 8550 4446 3944 3838 8608 4461 3958 3851 8642 4487 3978 3870 8677 4499 3986 3877 8672 4488 3974 3865 8633 4458 3948 3840 8574 4427 3920 3813 8514 4400 3897 3792 8463 4365 3863 3759 8413 4316 3818 3715 8342 4285 3790 3689 8282 4247 3757 3656 8178 4182 3702 3602 8045 4147 3671 3572 7972 4137 3662 3564 7956 4147 3669 3572 7992 4128 3656 3561 7976 4098 3633 3540 7951 4091 3631 3539 7948 4079 3623 3532 7932 4055 3600 3510 7881 4080 3623 3534 7933 4071 3615 3527 7915 4063 3608 3520 7893 4057 3605 3517 7883 4040 3589 3502 7848 4028 3579 3492 7828 4012 3565 3479 7797 3993 3548 3463 7757 3967 3525 3441 7700 3959 3518 3434 7676 3968 3525 3440 7689 3928 3490 3407 7608 3914 3478 3395 7573 3772 3354 3277 7291 3758 3337 3259 7208 3995 3535 3445 7601 3959 3503 3413 7546 3690 3272 3192 7103 3757 3325 3242 7239 3465 3068 2993 6689 2810 2505 2456 5491 2358 2112 2083 4621 2281 2049 2023 4492
2018-8-22 11:52:0 4511 3962 3836 8586 4503 3954 3828 8568 4536 3981 3854 8625 4513 3964 3838 8592 4551 3998 3870 8664 4515 3967 3841 8597 4431 3891 3767 8438 4252 3732 3614 8091 2851 2517 2462 5461 3524 3107 3015 6782 3340 2945 2858 6425 2960 2611 2543 5696 2641 2329 2276 5080 2662 2347 2293 5119 2687 2367 2313 5164 2701 2379 2324 5189 2710 2386 2331 5205 3303 2910 2824 6350 3337 2944 2857 6433 2450 2169 2124 4720 1954 1745 1724 3774 3012 2656 2591 5749 4262 3737 3618 8098 4410 3872 3750 8388 4575 4022 3895 8712 4760 4179 4048 9072 4895 4295 4158 9317 4913 4307 4170 9341 4921 4316 4175 9316 5015 4386 4237 9444 5091 4440 4287 9525 5198 4529 4370 9706 5313 4634 4470 9925 5421 4724 4562 10139 5793 5044 4856 10820 5649 4924 4749 10556 5700 4961 4783 10658 6054 5269 5070 11318 6553 5703 5488 12277 6647 5787 5571 12472 6254 5452 5253 11768 6341 5520 5315 11914 5570 4862 4689 10518 4905 4292 4146 9275 5526 4839 4672 10479 5752 5030 4855 10880 5586 4893 4727 10583 4352 3830 3718 8246 4676 4116 3995 8850 4862 4284 4161 9178 4695 4145 4031 8861 5059 4462 4334 9573 5524 4864 4714 10464 5661 4977 4823 10753 5611 4939 4787 10685 5540 4875 4725 10558 5488 4828 4680 10463 5366 4723 4582 10248 5476 4814 4667 10461 5461 4805 4660 10432
2018-8-22 11:53:0 6500 5577 5361 12010 2127 1895 1887 3975 7596 6603 6362 14100 8644 7507 7222 16012 8799 7648 7359 16303 9500 8247 7934 17533 9895 8576 8242 18209 9956 8626 8289 18315 9701 8411 8086 17859 9518 8257 7941 17545 9394 8154 7845 17329 9187 7978 7679 16970 8717 7579 7295 16158 8415 7323 7051 15633 8139 7087 6825 15142 7951 6923 6667 14798 7830 6817 6565 14575 7787 6783 6532 14513 7851 6841 6589 14649 8066 7028 6769 15056 8294 7223 6954 15474 8424 7334 7059 15717 7843 6826 6570 14665 2472 2205 2185 4692 2215 1975 1960 4205 2093 1863 1848 3961 2005 1784 1770 3790 1929 1716 1705 3646 1881 1672 1661 3548 1853 1647 1635 3487 1842 1636 1624 3458 1863 1653 1641 3493 1880 1668 1656 3522 1893 1679 1666 3544 1900 1684 1672 3554 1895 1679 1667 3542 1883 1669 1656 3521 1905 1688 1675 3558 1918 1699 1686 3577 1923 1704 1691 3587 1923 1703 1690 3586 1929 1709 1697 3601 1921 1706 1693 3615 1946 1730 1718 3676 1949 1733 1721 3679 1939 1723 1711 3656 1972 1749 1733 3694 2030 1799 1781 3787 2076 1841 1822 3896 2103 1865 1844 3947 2042 1810 1792 3821 1915 1697 1682 3575 1857 1644 1630 3459 1843 1631 1617 3428 1872 1657 1643 3485 1996 1766 1748 3719 1999 1770 1751 3731 2042 1809 1790 3820 2072 1837 1819 3889 2095 1858 1840 3933
2018-8-22 11:54:0 5149 4514 4378 9742 5179 4540 4404 9801 5277 4628 4489 9997 5264 4618 4480 9984 5195 4561 4425 9856 5030 4421 4292 9544 4964 4370 4245 9426 5004 4408 4281 9489 5001 4404 4277 9460 5058 4451 4322 9565 5025 4424 4295 9511 4782 4213 4093 9043 5139 4529 4396 9726 4998 4401 4275 9408 5045 4362 4225 9459 4788 4145 4008 8981 3174 2739 2657 5808 5052 4454 4324 9512 4800 4234 4113 9064 4493 3961 3851 8446 4714 4159 4041 8939 4685 4138 4026 8851 4670 4124 4012 8831 4659 4115 4003 8806 4697 4147 4035 8890 4717 4162 4049 8928 4700 4149 4036 8905 4721 4164 4049 8952 4476 3952 3846 8510 4422 3901 3796 8427 4647 4094 3980 8750 4767 4199 4081 9007 4656 4106 3993 8776 4494 3963 3857 8480 4685 4128 4014 8840 4848 4264 4142 9141 4862 4273 4151 9155 4864 4279 4156 9195 5014 4404 4275 9458 5218 4578 4441 9826 5249 4608 4472 9909 5116 4498 4368 9683 5023 4416 4291 9502 4935 4343 4223 9352 4912 4325 4206 9325 5021 4419 4297 9534 5015 4413 4292 9521 5040 4430 4308 9545 5196 4567 4437 9854 5011 4411 4290 9533 4649 4101 3995 8864 4390 3871 3776 8346 4459 3932 3833 8486 5200 4565 4435 9839 5395 4735 4594 10234 5166 4533 4405 9769 4952 4357 4238 9410 4664 4115 4011 8910 4301 3806 3718 8236 4434 3918 3825 8477
2018-8-22 11:55:0 4482 3972 3870 8701 4496 3985 3883 8731 4506 3994 3891 8750 4514 4000 3897 8761 4524 4008 3905 8776 4546 4028 3923 8823 4574 4052 3946 8877 4595 4070 3963 8916 4613 4084 3976 8944 4634 4102 3993 8984 4651 4117 4007 9018 4660 4126 4015 9036 4682 4142 4030 9062 4740 4192 4078 9168 4756 4204 4088 9185 4828 4266 4147 9316 4930 4354 4231 9505 5034 4482 4353 9702 5131 4529 4398 9889 5141 4536 4404 9899 5141 4533 4402 9887 5116 4513 4382 9842 5072 4476 4347 9766 5047 4453 4325 9718 5033 4440 4312 9688 5013 4423 4295 9652 4995 4407 4279 9620 4993 4405 4278 9613 5004 4414 4286 9630 5013 4422 4294 9651 5020 4429 4301 9667 5017 4426 4299 9661 5031 4440 4312 9696 5015 4427 4300 9671 4973 4391 4265 9596 4921 4343 4220 9485 4913 4336 4214 9466 4932 4356 4234 9518 4979 4395 4273 9584 5003 4413 4290 9622 5008 4415 4290 9626 4925 4332 4207 9414 4875 4285 4160 9299 4794 4217 4095 9157 4732 4163 4042 9032 4686 4120 4000 8932 4613 4054 3935 8783 4571 4016 3898 8695 4568 4016 3900 8701 4640 4088 3973 8886 4722 4168 4054 9082 4749 4195 4083 9154 4741 4188 4076 9136 4704 4153 4042 9052 4677 4129 4019 8991 4658 4112 4004 8956 4628 4087 3981 8901 4553 4023 3920 8760 4497 3975 3874 8653 4456 3938 3839 8572
2018-8-22 11:56:0 6096 5310 5081 11659 5539 4675 4278 11326 3842 3271 2966 8038 4964 4203 3836 10190 5109 4338 3982 10486 5619 4785 4432 11410 5744 4884 4515 11642 4796 4001 3558 9954 3849 3131 2602 8128 2803 2257 1794 5957 2879 2283 1747 6097 2747 2144 1574 5792 2147 1662 1184 4525 2391 1843 1306 5025 2661 2031 1435 5554 2495 1907 1334 5219 2264 1722 1177 4735 1626 1235 819 3409 2005 1498 983 4160 1326 998 643 2770 1597 1190 763 3314 1460 1090 695 3035 1503 1117 710 3117 1548 1154 735 3216 1464 1091 692 3042 1553 1160 732 3233 1423 1061 671 2959 1502 1120 705 3127 1408 1051 663 2931 1467 1092 689 3049 1419 1059 668 2955 1424 1062 668 2966 1444 1075 671 3005 1496 1109 692 3105 1537 1140 712 3190 1574 1171 738 3271 1601 1192 750 3328 1637 1208 754 3385 1652 1227 774 3428 1604 1198 762 3340 1533 1144 722 3193 1494 1114 705 3111 1389 1045 668 2909 1547 1173 766 3251 1343 1013 645 2819 1276 958 602 2674 1156 865 535 2420 1134 851 524 2379 1071 803 495 2247 1075 807 497 2257 1027 772 477 2159 1012 761 470 2129 931 704 440 1964 1002 768 496 2129 1014 777 497 2155 886 671 418 1872 883 666 410 1862 850 636 385 1786 833 622 376 1747 809 608 370 1703
2018-8-22 11:57:0 4987 4415 4300 9569 4791 4238 4133 9081 5460 4809 4674 10307 5384 4743 4610 10147 4942 4364 4252 9298 5088 4485 4366 9621 5091 4597 4470 9695 5096 4504 4382 9822 4914 4349 4237 9511 5021 4439 4322 9700 5106 4514 4392 9868 5018 4447 4330 9758 4767 4233 4127 9313 4842 4298 4189 9454 4946 4386 4272 9638 4924 4368 4254 9610 4887 4334 4222 9528 4908 4353 4240 9557 4701 4179 4076 9184 4528 4033 3937 8885 4532 4036 3940 8878 4543 4045 3949 8888 4684 4167 4065 9168 4698 4176 4074 9175 4781 4244 4136 9308 4898 4346 4234 9543 4898 4346 4234 9543 4858 4310 4198 9457 4788 4254 4146 9352 4641 4128 4026 9088 4694 4171 4066 9170 4754 4224 4117 9286 4795 4261 4152 9378 4726 4201 4095 9233 4741 4219 4113 9298 4771 4242 4135 9344 4877 4333 4220 9526 4980 4424 4307 9732 5040 4474 4355 9836 5279 4675 4544 10259 5250 4652 4521 10209 5132 4552 4428 10006 5300 4697 4566 10319 5376 4762 4626 10448 5641 4991 4844 10970 5829 5153 4999 11310 6033 5329 5163 11675 5998 5303 5178 11639 6027 5331 5167 11713 6115 5406 5237 11863 6188 5470 5298 12022 6134 5422 5254 11909 5922 5239 5078 11504 5869 5197 5039 11429 5982 5292 5129 11637 6215 5490 5315 12057 6264 5531 5353 12133 6347 5600 5421 12286 6220 5490 5315 12045 5939 5248 5083 11514
2018-8-22 11:58:0 4586 4043 3892 8933 4754 4188 4029 9253 4949 4357 4189 9621 5135 4518 4341 9973 5511 4845 4655 10686 5703 5014 4818 11057 5557 4890 4701 10791 5738 5045 4845 11124 6231 5475 5248 12083 4813 4130 3784 10142 4227 3586 3241 8882 4201 3607 3322 8778 5086 4327 3963 10532 4192 3571 3235 8812 3936 3341 3015 8337 3809 3266 2988 8047 3483 2979 2707 7389 3653 3126 2859 7702 3469 2973 2710 7358 3468 2959 2677 7373 3648 3105 2808 7736 3815 3252 2964 8016 3786 3215 2905 7999 3655 3073 2731 7753 3121 2620 2293 6698 2935 2474 2174 6309 3319 2827 2546 7074 3426 2919 2639 7292 3523 3002 2718 7473 3508 2972 2660 7477 3368 2837 2503 7213 3331 2793 2443 7135 3492 2933 2582 7458 3828 3220 2854 8142 3894 3274 2907 8252 3915 3287 2914 8293 3877 3248 2866 8218 3686 3099 2740 7840 3657 3067 2702 7773 4375 3684 3305 9185 4349 3671 3300 9144 4251 3585 3217 8942 4569 3831 3416 9587 4353 3647 3236 9176 4600 3854 3425 9667 5239 4392 3937 10905 5376 4535 4126 11064 8263 7133 6746 16127 8627 7485 7144 16402 8596 7466 7130 16343 8173 7108 6796 15478 8232 7147 6824 15592 7933 6892 6582 15039 7678 6673 6374 14565 7364 6404 6121 13986 7119 6194 5923 13534 6971 6068 5804 13265 6927 6031 5769 13187 7132 6208 5936 13570 7326 6374 6092 13928
2018-8-22 11:59:0 1630 1212 739 3408 1696 1272 798 3561 2331 1734 1111 4859 1331 992 596 2792 1012 760 448 2135 1246 930 556 2616 1312 983 602 2760 1821 1351 838 3800 1326 996 616 2792 1659 1226 745 3455 1497 1108 666 3121 1402 1036 621 2923 1656 1218 738 3438 1703 1274 795 3568 2305 1712 1087 4796 1820 1348 847 3790 2041 1506 935 4238 1459 1093 671 3062 1795 1332 821 3743 1667 1245 770 3490 1764 1314 817 3686 1633 1222 758 3421 1695 1258 780 3535 1626 1212 748 3402 1673 1241 768 3489 1661 1236 769 3472 1632 1218 760 3416 1545 1155 719 3239 1549 1154 716 3240 1399 1049 646 2939 1423 1067 659 2990 1554 1163 726 3261 1639 1223 768 3431 1409 1061 661 2969 1373 1027 627 2882 1218 909 548 2556 1287 956 580 2693 1286 957 582 2693 1087 821 498 2299 1350 1005 615 2828 1170 878 532 2465 1144 860 518 2411 1115 837 505 2349 1341 992 605 2798 1174 878 536 2466 1142 858 523 2406 1129 847 515 2378 1151 860 522 2418 1122 837 508 2355 986 745 451 2087 979 741 452 2074 1061 799 489 2240 1048 789 481 2212 977 738 447 2067 979 739 448 2071 1006 759 462 2127 976 738 450 2066 978 740 451 2072 979 739 450 2072 1036 777 473 2183
2018-8-22 12:0:0 1027 771 473 2164 987 743 454 2084 927 701 428 1964 948 717 438 2007 988 745 458 2089 952 721 442 2017 934 707 432 1980 962 725 443 2033 977 735 449 2062 956 724 443 2027 986 745 458 2086 983 745 457 2084 989 747 457 2093 968 733 445 2051 997 753 459 2109 1029 776 476 2175 1015 767 471 2148 995 752 460 2105 1051 788 482 2213 1026 771 470 2163 1045 783 478 2200 1012 762 464 2138 1033 778 476 2179 1036 780 476 2187 1037 781 474 2189 1030 775 469 2174 1099 823 498 2311 1142 856 521 2402 1158 867 529 2434 1181 886 543 2484 1125 842 510 2365 1124 841 508 2363 1155 865 524 2429 1266 945 578 2654 1113 839 510 2349 1184 886 539 2488 1156 859 518 2419 1207 895 541 2522 1252 931 568 2621 1410 1052 653 2954 1398 1051 659 2942 1442 1081 678 3027 1324 994 618 2785 1337 1007 624 2818 1364 1022 633 2867 1457 1083 666 3047 1218 909 554 2555 1246 930 563 2614 1140 852 513 2396 1279 950 571 2676 1195 888 535 2501 1341 992 601 2799 1267 943 571 2654 1272 943 569 2651 1336 987 595 2785 1248 925 559 2609 1292 959 580 2703 1280 951 576 2678 1295 962 583 2710 1314 974 589 2745
2018-8-22 12:1:0 776 585 358 1642 785 592 362 1661 797 601 367 1686 798 602 367 1689 806 609 371 1707 822 620 378 1740 843 636 388 1784 859 648 395 1818 880 662 404 1860 901 678 413 1904 930 699 426 1965 938 706 430 1983 951 717 436 2012 965 727 442 2041 974 734 445 2060 979 738 447 2070 1022 768 466 2158 1042 784 475 2200 1091 818 496 2299 1135 850 515 2389 1155 864 523 2429 1152 862 522 2424 1157 863 524 2430 1161 866 526 2439 1150 858 521 2416 1136 848 514 2388 1097 822 497 2311 1121 839 508 2359 1141 853 517 2399 1142 855 518 2403 1147 856 519 2408 1130 843 511 2373 1152 860 521 2419 1176 877 532 2468 1164 868 527 2443 1169 872 529 2454 1170 874 529 2459 1173 875 529 2464 1214 903 546 2545 1218 908 550 2556 1203 897 543 2524 1183 884 534 2487 1145 856 517 2407 1145 855 517 2405 1084 810 492 2279 1066 797 484 2242 1019 763 464 2145 971 730 444 2051 1006 753 457 2117 1003 751 455 2111 1020 764 464 2147 1036 775 472 2180 1049 784 476 2206 1056 789 478 2220 1085 810 491 2280 1104 824 500 2318 1118 834 506 2347 1147 854 518 2406 1185 882 535 2484 1186 884 535 2488
2018-8-22 12:2:0 840 634 388 1779 817 617 376 1731 797 603 366 1690 797 603 368 1691 799 605 370 1695 805 609 373 1708 791 598 366 1677 793 599 366 1680 780 589 360 1653 782 590 361 1656 780 590 362 1654 773 585 359 1638 769 581 356 1630 757 572 349 1603 743 562 343 1575 757 573 351 1605 751 570 350 1596 745 565 347 1583 747 566 346 1585 749 567 347 1590 751 570 349 1597 764 580 356 1625 771 585 359 1638 767 581 356 1629 761 577 352 1617 758 575 352 1612 763 580 355 1624 764 580 356 1625 766 581 356 1627 760 576 352 1614 757 574 350 1608 768 583 357 1634 779 591 363 1656 770 585 359 1638 764 580 354 1625 754 572 350 1604 759 577 353 1615 748 569 348 1593 764 580 356 1625 761 578 354 1619 762 578 354 1621 765 580 354 1625 775 587 360 1646 785 595 365 1667 785 594 364 1666 775 587 359 1645 763 579 353 1622 761 578 353 1619 771 586 359 1640 783 594 364 1664 785 595 364 1668 789 598 365 1677 802 608 370 1703 815 618 377 1731 826 627 384 1756 820 623 380 1744 827 627 382 1756 833 630 383 1767 840 636 387 1783 843 640 392 1793
2018-8-22 12:3:0 700 532 326 1491 690 526 322 1472 687 523 320 1465 687 523 319 1464 689 524 320 1467 700 532 326 1491 698 531 325 1486 701 533 326 1492 701 532 326 1492 698 531 324 1487 695 528 323 1479 697 530 324 1485 696 529 323 1482 694 528 323 1479 697 530 324 1484 695 528 323 1480 695 528 322 1480 700 532 325 1491 703 535 327 1498 708 538 329 1507 698 531 325 1488 694 528 322 1479 695 529 323 1481 698 531 325 1487 703 535 328 1498 697 530 324 1486 690 525 320 1471 691 526 321 1473 694 528 323 1479 701 533 326 1493 691 526 322 1472 689 524 320 1467 689 524 320 1469 692 526 322 1474 695 528 323 1479 691 525 321 1470 690 524 321 1467 685 521 319 1459 681 517 317 1449 680 517 317 1448 684 519 318 1455 679 516 316 1445 675 513 314 1437 677 513 314 1439 677 514 315 1441 683 519 318 1454 684 519 318 1455 684 519 317 1454 680 517 316 1448 685 520 319 1458 702 532 326 1493 702 532 326 1493 693 527 322 1477 701 532 325 1492 705 536 328 1502 713 542 332 1517 723 549 336 1538 720 546 334 1532 724 549 336 1539 730 554 339 1554
2018-8-22 12:4:0 537 408 251 1142 526 400 246 1119 514 391 241 1093 507 385 237 1076 496 377 232 1054 491 373 230 1043 484 368 227 1029 473 360 222 1006 465 354 218 989 461 350 216 979 453 344 212 962 446 339 209 947 436 332 205 927 429 326 201 911 423 322 199 900 414 316 195 880 402 307 189 855 391 299 184 832 379 290 179 808 371 284 175 791 363 279 172 775 349 268 165 745 341 262 161 728 334 257 158 714 328 252 156 701 320 246 152 683 314 241 149 670 307 236 146 655 302 233 143 646 295 227 140 631 287 221 136 613 281 217 133 601 278 214 132 594 272 210 130 582 269 208 128 575 263 203 125 563 258 199 123 552 254 196 121 543 250 193 119 534 247 191 117 528 242 187 115 517 239 185 114 511 237 183 113 506 232 179 110 496 229 177 109 488 227 175 108 484 224 173 106 477 218 169 104 466 216 167 103 461 215 166 102 458 213 165 101 454 211 163 100 451 210 162 100 447 207 160 98 442 206 159 98 438 204 158 97 435 203 157 96 432 202 156 96 430 200 154 95 426 196 152 93 418
2018-8-22 12:5:0 298 225 136 625 294 222 135 618 294 222 134 618 291 220 133 612 293 221 134 615 300 226 137 629 299 226 137 628 297 224 136 624 299 226 136 628 303 228 138 636 301 227 137 632 299 225 136 627 304 229 138 637 306 231 139 642 305 229 138 639 307 231 140 644 308 232 140 646 309 232 140 647 307 231 139 644 313 235 142 655 312 235 142 654 313 235 142 655 318 239 144 666 316 237 143 661 318 239 144 666 316 238 143 662 319 239 144 667 324 243 146 678 327 245 147 683 326 244 147 681 322 242 145 675 326 245 147 683 333 249 150 695 330 248 149 690 333 250 150 696 334 250 150 698 340 254 153 710 335 251 151 700 331 249 149 693 333 250 150 697 344 257 155 718 341 256 153 713 341 256 153 713 343 258 154 719 347 260 156 727 349 262 157 731 352 264 159 737 354 265 159 740 352 264 158 737 353 265 158 739 355 267 160 745 364 273 164 762 369 277 166 773 370 278 166 775 373 281 168 783 379 285 170 796 386 290 174 810 392 295 176 822 400 301 180 840 409 307 183 858
2018-8-22 12:6:0 631 477 288 1338 636 480 289 1347 642 484 292 1359 620 469 283 1316 631 476 288 1337 637 481 290 1350 625 472 285 1325 596 452 272 1266 610 462 279 1296 601 456 274 1277 619 468 282 1313 644 485 293 1364 631 477 288 1338 643 485 293 1361 660 497 300 1396 648 489 295 1373 647 488 294 1370 657 495 298 1390 659 496 299 1394 642 484 292 1360 637 481 290 1351 668 502 303 1411 678 508 307 1430 681 511 309 1437 658 496 299 1393 691 519 307 1460 702 526 318 1481 695 522 315 1468 691 519 313 1460 688 518 312 1478 698 525 318 1476 684 516 310 1448 671 507 305 1423 685 517 310 1450 681 513 308 1441 718 539 324 1515 697 524 315 1473 701 528 317 1482 740 554 334 1559 752 562 339 1581 731 548 330 1542 707 531 320 1494 736 552 332 1552 760 568 343 1598 711 535 322 1503 703 530 318 1487 727 547 329 1536 742 558 336 1567 733 551 332 1548 745 559 336 1570 766 573 345 1613 729 548 329 1540 724 545 328 1530 766 573 345 1613 713 538 323 1509 698 527 316 1479 736 552 332 1552 775 580 350 1632 711 536 323 1504 710 535 322 1503
2018-8-22 12:7:0 652 494 298 1386 675 510 309 1432 644 490 295 1372 694 523 317 1471 688 521 315 1462 653 496 299 1391 691 523 317 1468 703 532 322 1493 679 515 311 1444 684 518 314 1454 668 506 305 1420 647 492 296 1379 671 509 308 1427 670 509 307 1427 665 505 305 1415 666 505 305 1416 705 531 321 1493 694 524 317 1472 683 517 313 1451 644 490 296 1374 652 496 299 1390 667 506 306 1419 712 537 325 1510 728 548 332 1541 704 532 321 1493 639 487 293 1365 646 491 296 1377 699 528 319 1482 717 540 327 1517 727 547 331 1539 711 536 324 1507 692 524 316 1469 700 529 320 1485 702 530 320 1489 681 516 311 1447 682 517 312 1451 682 518 312 1451 724 547 330 1536 728 550 332 1543 717 543 327 1522 774 582 351 1636 730 552 332 1549 769 579 349 1627 769 579 349 1627 760 572 345 1608 770 579 350 1629 725 548 330 1538 703 533 321 1494 715 541 326 1518 749 563 340 1584 755 568 343 1597 740 558 337 1568 745 561 339 1576 733 553 333 1554 800 599 362 1688 770 580 350 1630 777 585 353 1644 803 604 364 1698 861 643 389 1812 835 625 378 1761
2018-8-22 12:8:0 657 483 290 1363 659 484 290 1364 669 492 295 1386 720 527 317 1488 723 528 317 1491 711 521 312 1470 720 526 315 1486 723 530 317 1495 800 581 349 1643 679 499 298 1405 692 508 304 1432 692 507 303 1430 684 501 300 1412 631 464 277 1307 650 477 285 1344 788 569 344 1614 706 516 309 1456 652 478 285 1348 660 482 288 1360 714 521 312 1471 834 601 363 1705 815 589 355 1668 794 576 345 1628 788 573 342 1617 838 607 363 1715 844 610 366 1726 846 611 366 1728 878 634 379 1793 857 619 370 1751 867 626 374 1771 896 645 386 1826 897 644 386 1825 890 640 383 1813 947 678 407 1924 929 667 399 1889 918 660 394 1868 816 590 351 1666 801 579 345 1637 820 591 353 1672 781 565 337 1596 764 554 330 1564 833 601 359 1699 866 622 372 1762 865 620 371 1757 754 546 324 1540 794 572 341 1617 761 550 328 1553 717 519 310 1465 681 494 294 1395 676 491 292 1384 670 486 289 1372 649 471 280 1329 624 455 271 1282 668 484 289 1367 653 473 283 1337 670 484 291 1369 619 451 269 1271 590 430 256 1211 569 415 248 1170 542 397 236 1117
2018-8-22 12:9:0 625 464 279 1304 613 456 273 1279 610 453 272 1273 600 446 268 1252 620 459 276 1292 616 457 275 1284 572 427 257 1199 608 451 272 1269 636 470 284 1324 571 427 256 1198 603 448 270 1260 619 460 278 1294 680 501 303 1414 662 490 295 1379 624 465 280 1306 660 489 295 1377 646 480 289 1350 679 504 304 1419 648 484 291 1359 676 504 304 1416 729 540 327 1522 721 536 323 1507 714 533 321 1497 764 566 341 1593 812 601 361 1692 934 683 412 1931 878 647 389 1824 893 660 395 1858 1036 758 456 2141 1167 848 512 2402 1174 856 516 2421 1155 847 508 2390 1305 950 572 2687 1296 946 567 2671 1378 1002 601 2833 1402 1018 612 2882 1370 997 598 2819 1310 957 575 2703 1254 919 552 2592 1298 949 570 2681 1348 983 592 2778 1348 981 591 2775 1361 991 597 2805 1459 1056 639 2994 1443 1047 632 2966 1367 997 600 2819 1219 898 539 2531 1307 957 576 2704 1393 1016 614 2874 1171 867 520 2440 1226 903 542 2546 1380 1006 607 2848 1315 963 580 2722 1216 898 539 2531 1254 926 557 2610 1232 907 547 2560 1074 798 480 2245 1026 760 459 2142 960 713 430 2008 943 701 424 1974
2018-8-22 12:10:0 1133 845 511 2380 1097 820 496 2308 1148 855 519 2410 1107 838 507 2330 1081 810 489 2279 1134 846 512 2383 1095 818 495 2303 1019 767 463 2154 1030 775 468 2176 1072 804 486 2261 1113 833 504 2343 1079 809 489 2274 1098 821 497 2311 1121 835 506 2353 1098 821 497 2310 1014 761 460 2139 1064 797 482 2242 1159 863 524 2432 1161 864 525 2436 1164 867 525 2443 1123 840 508 2365 1166 870 527 2450 1139 851 515 2396 1174 873 528 2462 1115 834 504 2347 1116 834 505 2349 1085 814 492 2288 1108 828 501 2330 1207 895 543 2527 1155 858 520 2421 1087 814 492 2291 1035 779 470 2187 1031 776 468 2180 1001 756 455 2121 1173 870 529 2457 1103 825 499 2322 1094 822 496 2309 1136 848 513 2388 1198 892 539 2514 1183 882 533 2484 1128 843 509 2373 1228 911 552 2571 1256 932 565 2627 1214 902 546 2543 1247 925 559 2609 1355 999 604 2823 1394 1029 621 2905 1369 1014 610 2859 1433 1059 637 2988 1554 1140 688 3224 1557 1142 688 3230 1438 1061 637 2996 1385 1026 614 2892 1493 1099 660 3104 1655 1208 730 3421 1726 1254 761 3559 1516 1115 672 3149 1585 1160 701 3284 1704 1237 751 3512 1519 1113 672 3149
2018-8-22 12:11:0 1222 910 548 2563 1472 1080 657 3059 1388 1025 622 2897 1224 913 550 2571 1244 925 559 2608 1194 891 538 2508 1379 1015 616 2871 1169 874 526 2459 1136 851 512 2391 1325 980 593 2768 1349 997 604 2815 1221 911 549 2565 1342 993 601 2803 1520 1115 678 3155 1433 1057 640 2986 1383 1020 617 2882 1225 915 551 2575 1276 947 572 2670 1274 944 571 2664 1391 1024 622 2895 1169 875 527 2461 1100 828 499 2326 1231 917 555 2584 1308 969 589 2736 1224 914 554 2573 1190 888 537 2502 1317 973 592 2750 1219 908 550 2558 1147 860 519 2418 1151 859 519 2418 1131 847 511 2383 1061 798 481 2243 1118 835 506 2351 1151 857 520 2417 1233 911 555 2576 1209 897 545 2531 1091 819 494 2303 1113 832 502 2341 1152 862 521 2426 1107 831 502 2335 1250 926 562 2616 1167 868 525 2448 1135 846 512 2385 1079 810 489 2277 1016 766 463 2151 1151 856 520 2414 1180 874 531 2468 1088 814 492 2290 1126 841 509 2369 987 746 450 2093 1249 926 562 2613 1297 962 584 2716 1162 870 526 2446 1243 926 560 2609 1355 1001 608 2829 1345 992 602 2804 1208 902 544 2539 1216 908 548 2556 1225 913 552 2572 1257 934 565 2633
2018-8-22 12:12:0 1321 978 592 2760 1342 990 601 2798 1366 1008 612 2846 1278 948 573 2673 1268 944 570 2658 1341 994 600 2802 1417 1044 630 2949 1467 1078 650 3048 1428 1054 635 2975 1461 1076 650 3040 1485 1094 660 3090 1547 1136 687 3213 1740 1261 768 3581 1688 1230 746 3486 1557 1142 688 3231 1520 1115 672 3153 1492 1095 661 3097 1530 1119 678 3168 1387 1021 617 2885 1332 986 595 2781 1356 1004 607 2831 1453 1067 647 3018 1398 1031 624 2912 1297 964 580 2716 1340 993 597 2801 1513 1108 670 3138 1441 1059 640 2996 1442 1064 645 3004 1362 1009 602 2846 1504 1105 671 3126 1373 1016 614 2867 1259 938 565 2642 1325 984 592 2773 1388 1023 618 2892 1374 1015 611 2866 1574 1151 698 3261 1426 1054 638 2976 1312 977 589 2752 1395 1030 623 2909 1461 1074 651 3038 1349 997 603 2814 1316 973 587 2748 1250 929 559 2618 1208 899 542 2534 1269 942 571 2656 1279 948 575 2674 1209 900 544 2535 1191 889 536 2503 1336 988 598 2790 1442 1060 641 3000 1315 977 588 2755 1362 1009 609 2846 1407 1038 628 2933 1396 1030 625 2909 1450 1066 648 3014 1351 999 604 2820 1324 980 593 2766 1293 960 578 2707 1209 901 542 2538 1339 987 598 2790
2018-8-22 12:13:0 919 694 419 1949 954 718 435 2019 950 717 434 2014 936 709 428 1988 1016 763 460 2145 1102 819 495 2311 1155 856 517 2417 1119 834 503 2350 1083 813 490 2285 1136 849 514 2391 1217 904 548 2549 1196 888 537 2505 1061 797 480 2241 1088 816 492 2296 1079 808 486 2275 1282 946 574 2674 1320 974 592 2753 1303 968 586 2730 1269 944 570 2660 1344 998 603 2814 1433 1050 637 2975 1349 994 599 2811 1212 901 541 2541 1120 839 503 2360 1157 863 519 2431 1238 919 556 2593 1360 1000 607 2830 1339 987 598 2789 1342 992 599 2800 1412 1038 625 2938 1357 1002 602 2831 1492 1093 662 3094 1449 1064 644 3010 1425 1047 634 2962 1383 1017 615 2876 1440 1051 639 2982 1167 870 523 2451 1162 866 520 2439 1184 884 532 2490 1266 941 568 2653 1321 977 593 2761 1376 1014 618 2869 1270 940 571 2655 1180 873 530 2468 1079 803 486 2266 912 686 415 1930 872 656 397 1846 871 657 399 1847 736 564 341 1578 874 657 401 1851 886 665 406 1874 843 639 388 1793 838 635 384 1783 887 668 403 1879 877 663 399 1862 959 718 434 2021 892 674 406 1894 874 663 401 1860 918 695 420 1950 891 675 408 1894
2018-8-22 12:14:0 966 729 442 2048 879 669 404 1876 840 641 385 1795 896 676 408 1901 888 672 406 1888 921 696 423 1955 866 658 400 1846 891 675 410 1895 857 650 394 1826 789 602 363 1687 808 617 371 1728 883 669 404 1878 999 749 456 2111 986 744 452 2092 918 698 422 1957 954 723 436 2028 1025 768 464 2163 1046 691 414 2205 951 719 432 2020 1039 780 472 2196 1022 769 466 2162 1022 771 468 2167 1018 769 466 2161 1018 767 464 2156 1019 765 460 2153 1003 754 452 2121 1084 809 488 2283 1121 836 506 2359 1075 806 490 2270 1025 770 470 2168 913 692 421 1943 883 669 406 1880 828 628 379 1765 791 601 363 1688 789 599 363 1683 781 594 361 1668 793 602 368 1692 741 568 347 1592 691 534 324 1493 649 504 305 1406 683 525 318 1471 679 524 317 1465 774 590 358 1657 825 627 382 1762 804 614 373 1722 795 608 369 1704 809 617 374 1730 825 627 380 1761 805 614 372 1722 773 592 358 1658 788 602 365 1688 814 620 376 1740 860 652 397 1833 747 575 349 1609 755 580 352 1625 803 614 373 1720 816 622 378 1746 750 578 350 1615 803 613 371 1719 864 655 397 1841
2018-8-22 12:15:0 999 752 454 2115 1038 778 471 2190 1004 755 457 2124 1033 773 469 2179 987 742 449 2089 984 739 447 2080 927 701 422 1969 1025 767 465 2162 1033 772 469 2176 1005 755 457 2125 1020 764 464 2154 945 714 431 2006 909 690 416 1937 954 719 435 2022 944 711 430 2001 1023 765 465 2157 922 696 422 1958 872 664 400 1861 939 709 429 1992 959 724 437 2035 988 743 450 2091 992 746 451 2100 1005 754 454 2123 998 750 451 2111 914 694 417 1946 948 717 432 2014 993 748 452 2102 1036 775 470 2185 983 741 447 2083 963 726 438 2041 1004 755 454 2124 1054 787 475 2220 1089 814 491 2294 1047 786 474 2211 1080 811 490 2172 1113 832 504 2344 1112 831 503 2342 1020 767 461 2157 1021 765 461 2155 935 706 425 1984 928 699 424 1967 879 663 403 1864 847 640 389 1801 800 608 370 1706 776 590 358 1657 711 545 329 1527 723 553 334 1550 726 557 337 1559 724 593 360 1555 759 580 352 1626 818 620 377 1742 761 584 354 1634 789 601 364 1687 780 595 360 1668 772 589 356 1652 843 638 388 1795 896 676 411 1902 831 633 383 1775 885 672 407 1886 950 717 435 2015
2018-8-22 12:16:0 962 721 437 2031 964 722 438 2035 914 686 416 1932 893 673 409 1895 878 663 401 1865 916 691 390 1945 966 727 439 2047 971 733 443 2060 889 676 408 1897 939 711 429 1997 1038 780 471 2197 1049 786 474 2216 983 741 445 2084 981 739 445 2078 1026 770 465 2168 1044 784 473 2207 986 747 450 2097 1037 782 470 2197 1253 927 560 2621 1267 940 566 2655 1159 867 519 2442 1188 890 534 2505 1289 961 579 2708 1334 989 597 2792 1251 932 560 2626 1292 957 576 2702 1328 979 589 2770 1292 955 574 2698 1295 961 578 2713 1452 1067 646 3021 1245 929 558 2616 1224 915 548 2575 1269 945 567 2664 1342 995 598 2807 1444 1063 641 3007 1332 988 593 2787 1359 1003 604 2835 1418 1048 630 2960 1496 1099 664 3111 1461 1074 647 3039 1299 964 578 2719 1429 1049 633 2970 1471 1077 650 3052 1385 1017 612 2878 1323 976 587 2758 1337 988 592 2789 1421 1048 631 2961 1491 1097 662 3102 1531 1122 677 3176 1649 1203 727 3410 1548 1135 682 3212 1525 1121 673 3171 1601 1174 707 3324 1623 1194 719 3375 1587 1166 704 3298 1611 1182 713 3346 1653 1208 730 3424 1360 1012 606 2851 1520 1118 672 3163 1455 1070 643 3028
2018-8-22 12:17:0 1517 1117 674 3159 1503 1108 669 3131 1526 1124 680 3176 1527 1124 680 3177 1551 1139 689 3223 1483 1093 658 3088 1528 1123 677 3177 1462 1079 648 3047 1545 1134 685 3209 1503 1108 669 3131 1577 1157 701 3275 1469 1082 653 3059 1418 1049 631 2961 1555 1142 688 3232 1500 1104 665 3123 1375 1019 612 2874 1488 1097 661 3099 1567 1149 695 3253 1573 1153 698 3265 1501 1101 666 3116 1415 1047 628 2956 1445 1066 639 3012 1435 1059 635 2992 1415 1046 629 2952 1587 1164 703 3294 1398 1037 622 2923 1502 1105 666 3124 1448 1069 642 3020 1313 977 584 2754 1463 1081 649 3053 1509 1111 668 3141 1481 1090 656 3083 1457 1075 647 3037 1555 1142 692 3231 1383 1028 620 2898 1489 1095 661 2961 1539 1128 682 3196 1489 1097 661 3102 1382 1024 616 2891 1282 958 574 2696 1528 1123 683 3179 1550 1140 693 3225 1336 994 600 2802 1332 987 596 2787 1177 883 529 2484 1202 900 539 2532 1410 1040 629 2941 1370 1012 613 2861 1314 975 590 2752 1222 913 550 2571 1267 944 568 2661 1208 904 542 2544 1348 1000 602 2822 1567 1151 698 3258 1535 1129 685 3195 1443 1067 646 3013 1380 1025 618 2891 1341 998 602 2813 1345 996 601 2813 1478 1083 656 3069
2018-8-22 12:18:0 1493 1098 664 3106 1469 1085 655 3066 1521 1118 677 3163 1454 1075 650 3037 1371 1017 612 2870 1556 1143 692 3236 1460 1075 649 3042 1353 1005 604 2835 1428 1058 637 2987 1358 1011 608 2850 1375 1021 614 2880 1497 1099 664 3112 1526 1121 677 3174 1629 1187 721 3370 1527 1123 680 3178 1430 1058 638 2988 1430 1059 637 2989 1574 1152 697 3267 1471 1085 655 3067 1535 1128 683 3194 1535 1129 683 3196 1358 1009 607 2846 1272 951 571 2676 1301 970 583 2732 1401 1034 624 2924 1424 1048 634 2966 1257 936 563 2638 1242 926 558 2609 1187 892 536 2507 1243 927 558 2612 1283 951 575 2687 1125 847 508 2379 1156 868 521 2441 1281 954 575 2690 1378 1018 617 2879 1314 974 589 2749 1381 1020 618 2884 1290 958 578 2704 1312 969 586 2740 1178 884 529 2486 1236 924 555 2601 1273 952 572 2680 1445 1069 645 3019 1541 1131 687 3204 1449 1069 646 3023 1323 984 592 2775 1416 1046 630 2956 1585 1158 702 3283 1606 1175 713 3331 1516 1113 673 3152 1284 960 574 2701 1326 986 593 2779 1393 1035 622 2919 1394 1033 622 2916 1479 1090 658 3083 1441 1064 642 3008 1480 1090 658 3083 1443 1065 643 3011 1504 1106 670 3131 1432 1057 638 2986
2018-8-22 12:19:0 1460 1073 649 3038 1285 959 576 2701 1409 1043 629 2945 1432 1060 640 2994 1455 1071 649 3030 1444 1065 645 3011 1333 994 597 2799 1355 1006 605 2838 1375 1022 614 2881 1342 998 600 2814 1453 1075 647 3035 1540 1133 685 3205 1472 1084 656 3067 1346 1001 604 2823 1322 984 592 2774 1331 990 596 2793 1377 1021 616 2883 1369 1013 611 2863 1257 941 565 2649 1339 997 602 2811 1449 1070 647 3024 1339 996 599 2808 1417 1050 635 2964 1343 999 601 2817 1434 1058 638 2991 1472 1088 658 3075 1436 1060 641 2995 1365 1013 612 2860 1304 971 583 2738 1391 1028 619 2904 1507 1106 670 3132 1404 1034 624 2926 1377 1020 615 2880 1399 1036 626 2926 1349 1003 605 2829 1376 1020 615 2879 1262 943 566 2656 1270 948 571 2670 1340 997 601 2810 1540 1126 683 3193 1484 1091 661 3088 1372 1019 616 2874 1330 991 597 2792 1374 1020 615 2878 1517 1112 674 3151 1515 1113 674 3150 1294 965 579 2718 1424 1052 635 2973 1518 1117 677 3160 1520 1119 678 3164 1495 1100 666 3113 1409 1042 627 2943 1405 1038 625 2932 1360 1010 607 2849 1491 1098 664 3106 1324 985 592 2776 1356 1005 605 2835 1373 1019 612 2875 1406 1039 625 2935 1473 1081 653 3061
2018-8-22 12:20:0 1443 1092 661 3009 1522 1116 676 3161 1541 1127 684 3195 1433 1058 638 2989 1365 1012 608 2857 1398 1033 622 2919 1456 1075 649 3037 1448 1067 646 3016 1405 1041 628 2938 1512 1113 673 3149 1522 1116 676 3162 1467 1078 652 3051 1389 1027 618 2901 1397 1035 624 2922 1332 994 598 2800 1411 1044 632 2950 1492 1095 665 3101 1517 1112 673 3151 1486 1091 659 3090 1365 1013 611 2858 1339 997 600 2810 1408 1041 628 2940 1504 1107 670 3131 1420 1049 634 2965 1365 1013 610 2858 1459 1075 649 3040 1390 1029 620 2905 1332 987 595 2787 1485 1094 661 3096 1465 1081 654 3056 1363 1013 611 2857 1459 1074 650 3039 1411 1042 629 2944 1471 1082 653 3061 1396 1030 621 2911 1310 973 584 2745 1353 1004 604 2832 1324 983 591 2772 1269 945 566 2663 1305 968 581 2732 1224 915 546 2576 1316 974 584 2750 1354 1003 604 2831 1412 1042 630 2943 1390 1028 620 2902 1289 959 575 2703 1268 941 564 2655 1379 1017 612 2875 1478 1084 656 3070 1463 1075 650 3041 1445 1063 643 3008 1458 1073 649 3036 1381 1024 616 2890 1397 1031 622 2914 1290 961 577 2709 1384 1025 618 2894 1460 1075 651 3042 1432 1058 638 2989 1457 1068 646 3027 1454 1067 645 3021
2018-8-22 12:21:0 1248 916 547 2589 1413 1027 619 2913 1356 992 596 2807 1323 967 580 2737 1255 923 552 2608 1326 969 582 2742 1221 899 537 2538 1278 935 560 2645 1219 899 537 2538 1287 943 564 2665 1335 977 586 2763 1278 940 563 2654 1343 983 590 2780 1409 1024 618 2905 1364 994 597 2817 1158 858 510 2418 1242 915 546 2582 1334 975 586 2760 1461 1061 641 3010 1399 1017 613 2885 1199 886 528 2498 1220 901 537 2541 1313 963 577 2722 1334 977 587 2764 1272 936 561 2645 1261 928 555 2620 1347 981 590 2781 1328 973 583 2751 1295 952 570 2688 1240 915 547 2581 1236 909 543 2568 1267 931 557 2631 1315 965 578 2727 1354 988 595 2797 1411 1023 617 2903 1410 1024 618 2904 1341 980 589 2772 1334 975 584 2759 1246 916 546 2587 1179 871 518 2456 1339 976 587 2765 1212 895 534 2524 1246 917 547 2589 1377 1004 603 2844 1267 930 557 2629 1363 993 597 2815 1458 1055 636 2995 1385 1009 607 2859 1233 908 543 2563 1197 884 527 2494 1239 914 545 2578 1390 1014 609 2873 1295 948 568 2682 1332 973 585 2756 1313 961 576 2719 1333 978 587 2766 1218 898 536 2535 1167 864 515 2436 1277 939 562 2652 1291 947 567 2677
2018-8-22 12:22:0 1407 1028 618 2910 1433 1047 630 2964 1409 1031 619 2918 1290 950 568 2683 1227 910 542 2565 1444 1052 633 2981 1272 939 561 2650 1328 977 586 2760 1411 1031 620 2920 1304 959 574 2709 1306 961 576 2714 1220 905 540 2550 1272 940 562 2653 1455 1063 641 3012 1677 1209 736 3440 1453 1056 637 2997 1290 954 571 2691 1332 983 589 2775 1323 975 584 2754 1440 1050 634 2977 1309 965 579 2724 1582 1145 695 3254 1365 1004 604 2838 1201 895 533 2519 1231 914 544 2575 1409 1029 620 2916 1430 1045 630 2960 1393 1020 614 2888 1410 1031 620 2921 1363 1000 601 2829 1466 1067 644 3027 1426 1043 630 2954 1305 964 578 2721 1322 976 584 2755 1400 927 554 2909 1294 954 572 2695 1492 1084 655 3077 1390 1022 613 2889 1315 967 581 2734 1222 909 542 2561 1320 976 585 2754 1498 1096 662 3104 1467 1074 648 3041 1417 1037 624 2937 1380 1015 611 2869 1275 947 567 2669 1549 1127 684 3197 1485 1085 655 3073 1338 987 593 2788 1327 981 588 2769 1332 986 592 2783 1320 980 588 2762 1354 1000 600 2823 1386 1019 613 2882 1325 979 589 2763 1363 1005 604 2838 1398 1027 618 2904 1394 1025 616 2898 1375 1013 609 2862 1317 971 583 2742
2018-8-22 12:23:0 1449 1051 633 2981 1388 1013 606 2866 1293 948 565 2678 1465 1059 635 3007 1363 994 594 2813 1414 1028 616 2913 1339 978 584 2768 1364 994 595 2815 1395 1013 608 2873 1306 952 572 2697 980 728 436 2053 783 588 353 1654 698 529 319 1485 672 511 308 1433 777 586 352 1646 847 633 379 1783 830 622 371 1750 818 613 367 1726 772 583 348 1637 761 574 344 1612 733 555 333 1558 684 521 312 1460 662 505 303 1415 673 512 307 1435 742 560 336 1574 760 575 344 1614 824 619 371 1741 836 627 376 1764 770 580 347 1630 721 547 326 1534 722 547 327 1535 707 537 322 1507 701 531 319 1492 641 492 294 1375 679 517 310 1450 643 491 295 1376 597 456 275 1279 562 431 260 1208 512 397 240 1108 484 377 228 1051 467 365 221 1017 451 354 214 985 450 353 213 982 467 364 221 1017 442 346 210 965 423 334 201 927 444 349 210 970 481 374 226 1044 487 378 228 1055 478 371 224 1036 449 351 213 979 412 325 196 904 398 315 190 875 400 316 191 879 413 325 196 904 417 328 198 914 436 341 207 951 431 338 205 942 421 332 200 923 426 336 203 933
2018-8-22 12:24:0 1388 1011 603 2862 1402 1021 611 2890 1488 1078 647 3057 1493 1084 649 3073 1442 1048 628 2969 1422 1036 620 2931 1423 1035 620 2932 1485 1079 646 3056 1452 1055 633 2990 1334 978 583 2763 1463 1064 638 3014 1624 1171 705 3327 1468 1068 640 3024 1373 1005 600 2840 1457 1060 634 3001 1509 1094 655 3102 1272 1129 680 2640 1502 1088 655 3086 1431 1043 624 2952 1503 1092 654 3093 1409 1029 615 2911 1393 1018 608 2879 1478 1075 645 3045 1470 1070 642 3030 1314 965 575 2725 1340 982 587 2774 1435 1042 626 2954 1277 937 559 2647 1444 1052 632 2979 1297 955 571 2695 1328 973 584 2750 1505 1093 658 3098 1455 1060 636 3002 1286 947 565 2673 1356 994 594 2809 1390 1018 609 2878 1230 908 542 2561 1495 1086 654 3079 1473 1070 644 3033 1344 983 588 2781 1378 1009 603 2853 1333 975 583 2756 1455 1059 636 2999 1390 1014 607 2868 1547 1118 672 3175 1298 954 569 2693 1338 979 585 2768 1626 1173 706 3332 1452 1056 633 2993 1389 1014 607 2870 1488 1082 650 3066 1552 1125 677 3190 1360 994 594 2811 1565 1131 679 3211 1436 1046 627 2961 1429 1040 624 2946 1449 1054 632 2987 1349 987 590 2790 1343 982 588 2778 1564 1131 682 3212
2018-8-22 12:25:0 1557 1141 683 3224 1588 1161 696 3285 1585 1159 694 3278 1624 1183 711 3350 1527 1117 671 3176 1444 1061 637 2997 1581 1153 695 3265 1385 1021 610 2880 1534 1121 673 3172 1647 1200 723 3400 1534 1124 675 3178 1666 1213 730 3437 1628 1187 714 3372 1721 1249 755 3544 1513 1109 667 3136 1703 1237 745 3508 1581 1159 696 3278 1688 1231 742 3485 1798 1308 789 3707 1765 1285 774 3642 1731 1259 758 3568 1775 1284 774 3647 1604 1172 704 3316 1489 1095 656 3091 1812 1309 791 3719 1569 1143 687 3238 1610 1172 705 3322 1554 1135 681 3212 1473 1077 647 3046 1600 1166 702 3302 1592 1161 699 3288 1619 1179 708 3340 1503 1099 659 3109 1637 1191 716 3376 1609 1172 705 3321 1488 1090 653 3081 1625 1180 710 3346 1690 1222 737 3470 1449 1063 636 3003 1390 1022 611 2886 1661 1202 725 3414 1538 1120 674 3173 1404 1029 618 2909 1345 989 593 2794 1292 951 570 2685 1317 967 580 2733 1309 960 578 2715 1204 889 534 2508 1130 836 502 2358 1184 870 525 2459 1166 859 519 2427 1074 797 480 2246 1047 779 469 2192 1106 819 494 2311 1121 831 501 2343 1132 838 506 2363 1066 794 477 2234 1088 807 486 2276 1062 789 474 2223 1119 828 499 2336
2018-8-22 12:26:0 1298 951 578 2691 1239 913 553 2579 1279 940 569 2656 1216 899 543 2535 1268 934 565 2638 1270 933 565 2638 1225 905 546 2553 1186 880 530 2479 1179 876 528 2467 1240 918 555 2588 1299 958 580 2706 1190 883 533 2487 1119 834 503 2346 1188 880 533 2481 1318 968 589 2737 1262 932 563 2630 1309 967 584 2724 1434 1052 637 2974 1436 1055 637 2980 1425 1046 630 2956 1405 1034 623 2918 1525 1114 673 3151 1622 1178 713 3339 1528 1117 674 3158 1490 1092 657 3083 1610 1175 707 3324 1740 1261 762 3576 1779 1288 778 3655 1637 1197 719 3383 1559 1146 688 3234 1689 1232 741 3485 1735 1103 659 3574 1567 1146 689 3241 1615 1179 712 3337 1450 1065 642 3007 1349 996 599 2808 1337 986 594 2782 1231 913 549 2571 1228 911 549 2565 1293 956 577 2695 1391 1022 619 2889 1305 964 582 2645 1251 926 559 2610 1253 927 559 2614 1285 949 574 2677 1349 995 602 2808 1347 993 600 2803 1341 989 596 2791 1344 992 596 2798 1425 1047 631 2958 1493 1093 660 3091 1405 1035 623 2920 1503 1102 666 3115 1443 1062 640 2998 1347 995 598 2806 1382 1018 613 2874 1332 983 592 2773 1360 1002 605 2828 1332 981 592 2768 1281 945 569 2665
2018-8-22 12:27:0 1246 927 560 2609 1387 1022 620 2886 1332 987 596 2781 1449 1069 645 3015 1696 1237 751 3503 1717 1254 760 3549 1665 1219 736 3447 1569 1156 696 3261 1644 1208 730 3411 1720 1254 759 3550 1733 1260 764 3571 1657 1210 731 3423 1654 1211 731 3421 1697 1242 749 3509 1807 1317 795 3727 1729 1267 764 3580 1769 1290 780 3650 1584 1164 703 3286 1427 1053 636 2969 1441 1058 641 2990 1259 932 564 2627 1181 879 533 2474 1225 910 553 2563 1168 871 529 2450 1133 847 512 2380 1195 888 538 2501 1202 893 542 2515 1159 864 525 2431 1167 869 528 2446 1168 868 528 2444 1236 911 556 2573 1097 818 497 2302 1174 868 530 2450 1070 796 485 2241 1046 781 476 2197 1070 797 486 2243 1058 787 479 2216 1041 775 472 2182 1016 758 463 2132 1002 748 457 2103 1036 769 469 2166 929 695 423 1953 943 705 430 1982 975 726 443 2043 963 718 438 2019 947 707 432 1989 958 714 436 2008 944 704 429 1980 943 703 429 1978 959 714 436 2008 939 701 428 1970 930 695 424 1953 949 708 432 1991 963 718 438 2020 984 732 446 2060 1017 757 461 2131 1011 755 459 2122 1028 768 467 2158 1123 832 506 2345 1092 812 492 2285
2018-8-22 12:28:0 1123 831 504 2341 1186 874 528 2466 1240 914 552 2578 1307 961 581 2713 1426 1043 631 2950 1354 997 601 2814 1430 1050 635 2966 1510 1103 668 3121 1556 1133 685 3209 1570 1146 691 3241 1596 1165 705 3295 1435 1056 637 2979 1473 1079 652 3049 1431 1049 636 2965 1288 947 575 2673 1136 847 520 2378 1499 1137 734 3165 1343 1029 676 2853 1552 1181 785 3282 1635 1246 829 3458 1547 1190 801 3291 1519 1169 792 3229 1644 1262 858 3487 1494 1148 779 3176 1594 1231 815 3396 1672 1288 881 3555 1695 1307 896 3606 1592 1228 838 3387 1633 1262 861 3481 1673 1293 883 3564 1591 1233 845 3396 1692 1307 897 3602 1595 1232 842 3398 1659 1279 877 3529 1603 1241 849 3419 1632 1263 863 3479 1712 1322 903 3643 1779 1370 937 3778 1827 1407 962 3882 1741 1346 920 3707 1874 1438 984 3970 1607 1245 846 3429 1757 1357 926 3739 1824 1406 961 3877 1970 1510 1035 4170 1719 1329 905 3662 1672 1295 883 3566 1701 1313 895 3619 1858 1429 978 3943 1681 1299 887 3581 1713 1324 908 3649 1587 1228 840 3385 1524 1183 812 3255 1616 1254 865 3452 1618 1255 866 3454 1479 1148 790 3160 1512 1171 804 3227 1391 1081 740 2975 1410 1097 755 3017 1380 1072 738 2950
2018-8-22 12:29:0 4787 4214 4103 9189 4762 4192 4082 9139 4667 4111 4005 8962 4540 4003 3903 8728 4552 4018 3917 8779 4552 4018 3917 8776 4607 4064 3961 8868 4652 4102 3998 8950 4724 4161 4052 9072 4768 4189 4080 9098 4710 4140 4032 8993 4675 4118 4012 8972 4544 4008 3907 8749 4485 3961 3863 8653 4504 3978 3879 8695 4568 4033 3930 8821 4608 4069 3944 8906 4534 4010 3906 8802 4623 4093 3986 9007 4684 4151 4043 9158 4398 3908 3813 8631 4229 3759 3670 8297 4127 3666 3579 8084 3991 3548 3465 7824 3384 3018 2958 6651 2819 2519 2476 5543 2688 2406 2367 5292 3181 2837 2781 6247 3282 2930 2873 6457 3177 2840 2787 6263 3241 2898 2844 6396 3527 3147 3083 6948 3557 3172 3107 7004 3563 3178 3114 7021 3527 3150 3088 6965 3403 3045 2989 6737 3404 3048 2992 6749 3399 3043 2987 6738 3380 3025 2970 6696 3335 2985 2931 6605 3307 2960 2907 6545 3329 2981 2928 6601 3376 3025 2971 6701 3373 3019 2963 6680 3550 3175 3112 7028 3762 3363 3294 7457 3658 3274 3210 7264 3532 3164 3105 7019 3773 3373 3305 7480 3743 3345 3278 7415 3845 3435 3364 7612 3749 3350 3282 7423 3754 3357 3289 7446 3908 3485 3408 7711 3998 3559 3478 7866 4084 3638 3556 8046 3876 3452 3376 7626 3901 3476 3399 7680 3795 3389 3319 7506 3752 3354 3286 7433
2018-8-22 12:30:0 3498 3081 2998 6682 3741 3289 3195 7128 4372 3835 3713 8330 4632 4061 3930 8825 4951 4341 4200 9437 4980 4366 4223 9476 4956 4346 4202 9410 4921 4314 4170 9338 4320 3785 3664 8158 4402 3854 3725 8324 4241 3711 3586 8013 4257 3726 3600 8055 3309 2906 2828 6230 3189 2810 2744 6047 3219 2840 2773 6113 3227 2848 2782 6137 3280 2895 2828 6250 3287 2901 2834 6256 3180 2806 2742 6024 3190 2815 2751 6059 3282 2894 2824 6223 3529 3102 3022 6664 4526 3965 3841 8584 4577 4004 3877 8664 4682 4095 3964 8863 4685 4099 3968 8885 4672 4088 3957 8861 4616 4043 3914 8767 4529 3971 3846 8614 4800 4202 4065 9116 4888 4280 4139 9282 5067 4438 4291 9633 5147 4509 4358 9783 4704 4126 3992 8906 4798 4211 4074 9109 5047 4427 4281 9606 5037 4417 4270 9574 4946 4338 4195 9395 5044 4424 4278 9612 5107 4479 4330 9728 5135 4503 4353 9777 5149 4514 4363 9799 5170 4531 4379 9826 5188 4546 4393 9842 5338 4677 4518 10136 5359 4696 4536 10168 5328 4668 4509 10103 5376 4711 4551 10205 5475 4798 4636 10410 5472 4796 4635 10414 5386 4720 4563 10252 5252 4604 4452 10002 5073 4447 4302 9665 4949 4340 4201 9434 4796 4206 4072 9128 4681 4105 3974 8894 4717 4136 4005 8965 4757 4171 4039 9059 4734 4152 4021 9010 4716 4134 4004 8967
2018-8-22 12:31:0 3470 3062 2985 6629 3299 2913 2841 6284 3171 2801 2735 6027 3180 2809 2742 6045 3122 2759 2694 5932 3267 2886 2816 6218 3410 3010 2935 6503 3416 3015 2940 6516 3507 3094 3016 6705 3553 3134 3055 6800 3552 3133 3054 6799 3535 3117 3039 6758 3528 3113 3035 6742 3541 3122 3044 6768 3565 3143 3064 6818 3522 3105 3027 6721 3395 2994 2919 6462 3256 2873 2803 6182 3448 3039 2962 6559 3339 2944 2872 6346 3250 2867 2797 6166 3256 2873 2803 6183 3367 2970 2897 6405 3437 3032 2956 6546 3545 3126 3047 6766 3475 3064 2987 6619 3414 3012 2937 6506 3420 3017 2941 6509 3476 3066 2988 6620 3445 3038 2962 6560 3480 3068 2991 6627 3357 2960 2887 6380 3458 3047 2971 6572 3530 3111 3032 6715 3610 3180 3098 6875 3628 3195 3112 6916 3660 3222 3139 6983 3622 3189 3106 6899 3510 3091 3012 6669 3373 2972 2897 6389 3419 3011 2935 6480 3404 2999 2923 6459 3360 2961 2887 6367 3320 2927 2853 6283 3402 2997 2921 6441 3559 3133 3052 6752 3613 3181 3098 6865 3504 3086 3006 6648 3511 3093 3013 6658 3714 3268 3180 7068 3676 3236 3151 6989 3781 3328 3239 7209 3818 3360 3270 7281 3857 3394 3302 7354 3844 3382 3291 7323 3820 3362 3271 7270 3830 3370 3279 7282 3807 3350 3259 7231 3824 3364 3273 7263 3749 3299 3210 7122
2018-8-22 12:32:0 11192 9641 9231 20539 11017 9491 9089 20218 10874 9372 8975 19983 10678 9206 8818 19646 10400 8968 8590 19140 10100 8711 8345 18599 9948 8580 8220 18321 9834 8483 8129 18113 9967 8604 8245 18374 10015 8650 8292 18488 10002 8639 8283 18465 9946 8588 8237 18315 9950 8592 8241 18339 9841 8500 8155 18140 9706 8389 8050 17921 9403 8128 7801 17368 9223 7973 7654 17033 9016 7800 7487 16667 8896 7695 7388 16439 8847 7652 7347 16335 8803 7613 7309 16263 8793 7605 7303 16249 8705 7533 7235 16102 8464 7328 7041 15653 8319 7205 6923 15421 8053 6978 6707 14912 8017 6948 6679 14860 8045 6977 6708 14921 8004 6941 6673 14854 7898 6848 6585 14665 7921 6869 6606 14719 7879 6835 6574 14645 7764 6736 6480 14443 7585 6582 6332 14113 7352 6378 6136 13657 7094 6150 5914 13177 6651 5759 5534 12325 6683 5754 5524 12311 6604 5652 5427 12057 6677 5711 5481 12189 6417 5503 5286 11743 6157 5292 5088 11312 4969 4275 4121 9068 5016 4306 4150 9132 7150 6144 5894 13132 7434 6362 6100 13633 7349 6305 6045 13483 1018 826 808 1705 880 742 734 1452 828 693 686 1360 836 699 692 1388 928 781 773 1551 918 770 763 1554 857 705 697 1418 780 625 619 1228 6554 5562 5317 11878 8349 7110 6818 15137 8296 7060 6771 15047 8411 7161 6866 15262 8364 7113 6815 15190
2018-8-22 12:33:0 3453 3043 2964 6552 3584 3154 3070 6811 3543 3114 3029 6733 3415 2993 2907 6456 3313 2899 2814 6238 3930 3439 3329 7410 4396 3842 3710 8304 4008 3506 3384 7591 3473 3041 2936 6598 2505 2189 2112 4738 2523 2204 2127 4769 2601 2270 2189 4905 2776 2419 2333 5222 2712 2363 2278 5092 2657 2320 2237 4989 2483 2167 2089 4626 2074 1815 1752 3812 1539 1353 1309 2762 2011 1760 1699 3689 1890 1656 1600 3450 1775 1557 1505 3225 1947 1705 1647 3567 2025 1773 1712 3714 1974 1730 1671 3612 2080 1821 1759 3821 2130 1865 1800 3920 2160 1891 1826 3972 2372 2074 2001 4396 2566 2243 2162 4775 2640 2307 2224 4913 2782 2432 2344 5225 2872 2511 2419 5411 2934 2563 2470 5547 2950 2578 2484 5582 2971 2597 2502 5622 3000 2622 2525 5680 2993 2615 2519 5660 2974 2596 2501 5612 2953 2579 2484 5582 2832 2473 2382 5332 2835 2472 2379 5311 2980 2596 2498 5576 2914 2538 2442 5436 2848 2479 2386 5298 3015 2628 2527 5650 3287 2858 2746 6148 3290 2856 2743 6114 3309 2873 2759 6129 3130 2731 2629 5856 2975 2603 2508 5565 3078 2693 2594 5764 3199 2797 2693 5988 3341 2920 2811 6273 3411 2983 2872 6425 3423 2993 2882 6450 3306 2889 2782 6198 3522 3074 2957 6585 4167 3611 3466 7770 4169 3612 3466 7772 4023 3484 3343 7478
