METADATA
initial_wait: 1
measures: 60
period: 1
depth: 1.00
lat: 0.00
lon: 0.00
timestamp: 2106-2-6 6:28:16
sample_counter: 1
name: 15
maker: ICM-CSIC
curator: ICM-CSIC
email: 
sensors: TCS34725
description: KduinoSafata
place: lab ICM
units: counts, counts, counts, counts
DATA
DATE HOUR RED GREEN BLUE CLEAR
2018-8-22 11:49:0 3946 3676 3603 8032 4045 3767 3690 8231 4111 3826 3746 8361 4200 3906 3822 8532 4493 4166 4068 9086 4697 4348 4240 9472 5158 4759 4631 10358 5393 4969 4830 10808 5621 5173 5024 11246 6043 5552 5384 12065 6231 5720 5544 12429 6400 5871 5687 12754 6688 6128 5932 13307 6807 6234 6032 13531 6953 6360 6151 13792 6968 6371 6160 13808 6948 6349 6138 13758 6849 6257 6050 13556 6814 6224 6018 13477 6830 6233 6026 13483 6859 6258 6049 13529 6902 6293 6082 13600 7003 6379 6161 13778 7080 6445 6223 13915 7169 6524 6298 14081 7382 6711 6474 14478 7493 6807 6565 14679 7738 7020 6764 15113 7869 7134 6872 15351 7999 7248 6980 15591 8252 7471 7192 16065 8377 7582 7297 16298 8590 7769 7474 16699 8681 7850 7552 16869 8759 7920 7618 17013 8877 8023 7716 17231 8901 8044 7736 17276 8877 8022 7714 17233 8848 7996 7690 17170 8802 7954 7651 17078 8713 7874 7575 16905 8681 7846 7548 16844 8574 7753 7460 16647 8470 7662 7374 16458 8340 7548 7267 16216 8026 7270 7005 15624 7855 7118 6861 15298 7687 6968 6718 14975 7353 6671 6436 14339 7216 6549 6320 14081 7092 6442 6220 13858 7089 6440 6219 13853 7088 6439 6218 13851 7076 6429 6209 13831 7049 6405 6186 13778 7007 6367 6150 13699 6937 6305 6091 13565 6914 6284 6071 13521 6869 6246 6035 13443 6847 6227 6017 13404
2018-8-22 11:50:0 6056 5524 5350 11937 5975 5451 5281 11781 5933 5414 5245 11701 5894 5379 5212 11624 5849 5337 5172 11534 5844 5332 5167 11520 5838 5325 5159 11501 5818 5303 5139 11454 5812 5296 5131 11436 5802 5288 5124 11415 5799 5286 5122 11407 5792 5279 5115 11390 5760 5250 5087 11325 5748 5239 5078 11302 5728 5222 5062 11264 5702 5199 5040 11213 5690 5188 5029 11188 5666 5166 5009 11142 5665 5165 5008 11138 5682 5179 5022 11168 5910 5375 5205 11568 6177 5604 5420 12040 6250 5666 5477 12161 6192 5616 5431 12056 6214 5633 5446 12089 6195 5618 5433 12057 6363 5764 5569 12359 6311 5720 5530 12272 6381 5780 5586 12398 5940 5402 5232 11615 5598 5106 4954 10995 5599 5106 4953 10994 5604 5110 4957 11003 5627 5129 4976 11044 5632 5134 4980 11052 5606 5110 4958 11002 5554 5064 4913 10900 5510 5024 4876 10818 5499 5015 4866 10797 5484 4999 4849 10769 5500 5014 4865 10798 1851 1613 1565 3426 332 248 251 479 865 755 753 1545 1077 963 962 1998 1030 921 919 1909 904 788 784 1623 1512 1347 1324 2848 4463 4078 3966 8785 4904 4495 4371 9706 4915 4504 4379 9723 4882 4471 4346 9652 4866 4455 4329 9619 4857 4448 4322 9605 4815 4410 4284 9522 4830 4424 4297 9550 4866 4458 4331 9622 5008 4596 4468 9904 5071 4655 4525 10029 5186 4761 4626 10260
2018-8-22 11:51:0 4213 3857 3745 8306 4177 3829 3718 8261 4042 3714 3610 8019 2840 2620 2572 5609 2720 2512 2470 5376 2907 2682 2630 5746 4500 4119 3997 8866 4606 4213 4088 9058 4568 4180 4060 8982 4677 4278 4152 9194 4687 4288 4161 9215 4573 4184 4063 8986 4507 4124 4006 8859 4398 4030 3917 8645 4435 4061 3945 8725 4480 4099 3980 8803 4628 4228 4100 9080 4626 4230 4102 9088 3651 3360 3281 7212 5046 4602 4457 9886 5094 4644 4497 9975 4903 4471 4331 9606 4754 4336 4201 9314 4586 4185 4056 8988 4300 3923 3805 8423 4237 3867 3752 8302 4238 3867 3753 8305 4373 3990 3870 8565 4437 4047 3924 8683 4444 4055 3932 8698 4383 4001 3881 8586 4299 3927 3809 8432 4162 3803 3690 8171 4119 3762 3652 8073 4234 3864 3747 8292 4383 3995 3873 8569 4460 4063 3937 8708 4590 4178 4046 8945 4651 4233 4098 9067 4690 4268 4131 9142 4742 4314 4175 9237 4777 4346 4206 9302 4919 4474 4328 9567 4867 4430 4287 9472 4928 4486 4343 9592 4986 4537 4391 9701 4987 4539 4393 9706 5015 4563 4416 9755 4900 4459 4317 9531 4812 4380 4242 9364 4738 4312 4177 9219 4693 4270 4135 9125 4680 4258 4123 9095 4671 4249 4115 9078 4672 4250 4116 9079 4760 4325 4187 9236 4843 4397 4256 9388 4868 4418 4275 9433 4931 4474 4328 9556 4912 4457 4312 9522
2018-8-22 11:52:0 2607 2413 2387 5135 2561 2369 2344 5035 2569 2374 2349 5042 2575 2378 2353 5043 2572 2375 2350 5033 2586 2388 2363 5055 2594 2395 2370 5068 2598 2398 2374 5076 2601 2402 2377 5083 2586 2387 2362 5053 2477 2287 2265 4839 2255 2079 2062 4378 2235 2060 2043 4330 2255 2077 2060 4365 2254 2076 2059 4361 2250 2073 2056 4353 2248 2071 2060 4348 2259 2080 2064 4363 2260 2081 2065 4366 2263 2084 2069 4374 2268 2089 2073 4384 2269 2090 2074 4386 2279 2099 2083 4398 2291 2110 2094 4420 2291 2109 2093 4415 2287 2104 2088 4403 2288 2105 2089 4402 2293 2110 2094 4408 2290 2107 2091 4402 2278 2096 2080 4379 2294 2108 2091 4403 2326 2136 2118 4463 2361 2168 2149 4538 2353 2162 2143 4524 2347 2156 2138 4511 2338 2148 2130 4491 2334 2144 2127 4482 2333 2143 2126 4482 2328 2139 2122 4474 2325 2136 2119 4467 2315 2127 2111 4447 2315 2127 2110 4444 2304 2116 2100 4419 2296 2109 2093 4404 2319 2131 2116 4457 2326 2139 2123 4471 2280 2096 2082 4378 2269 2086 2072 4357 1988 1813 1800 3739 1844 1681 1672 3445 1830 1669 1659 3421 1857 1693 1683 3471 1888 1722 1712 3531 1949 1778 1767 3646 1958 1786 1775 3662 1972 1798 1787 3684 1953 1781 1771 3648 1955 1784 1773 3656 1948 1777 1767 3641 1944 1774 1763 3637
2018-8-22 11:53:0 3596 3263 3210 6773 3324 3036 2993 6337 3200 2937 2895 6180 3129 2873 2834 6050 2926 2687 2658 5624 2858 2624 2598 5471 2933 2691 2664 5602 4638 4193 4086 8778 6442 5798 5603 12199 6957 6256 6040 13164 8214 7381 7112 15573 8416 7555 7278 15932 8254 7421 7157 15666 7860 7077 6832 14945 7598 6844 6607 14454 7108 6416 6200 13549 6824 6171 5968 13041 6618 5993 5800 12655 6680 6051 5851 12783 6777 6141 5934 12980 6876 6232 6019 13146 6532 5934 5737 12492 3681 3399 3340 6984 3603 3332 3276 6838 3510 3251 3198 6662 3202 2974 2929 6074 3081 2862 2822 5866 2929 2722 2688 5609 2926 2714 2681 5657 3312 3055 3003 6393 3605 3304 3237 6882 3617 3305 3236 6852 3498 3194 3130 6598 3062 2802 2757 5788 2955 2707 2666 5622 2628 2417 2389 5051 2379 2195 2178 4590 2268 2094 2084 4358 2389 2204 2192 4579 2421 2233 2218 4641 2385 2199 2185 4577 2294 2116 2102 4424 2252 2078 2063 4361 2406 2213 2188 4657 2604 2391 2357 5026 2634 2418 2384 5066 2630 2410 2380 5014 2655 2429 2399 5041 2760 2519 2487 5218 2785 2531 2498 5212 2765 2512 2479 5172 2644 2405 2374 4960 2575 2344 2316 4849 2271 2073 2054 4295 1908 1754 1747 3644 1917 1764 1758 3669 2065 1908 1897 4018 2459 2264 2241 4776 2686 2471 2443 5208 2933 2696 2658 5677
2018-8-22 11:54:0 5513 5031 4888 10817 5535 5052 4907 10864 5534 5052 4907 10864 5551 5068 4921 10900 5561 5078 4931 10924 5581 5097 4949 10972 5593 5109 4960 10999 5602 5118 4968 11020 5634 5148 4998 11090 5653 5165 5014 11128 5672 5182 5031 11166 5700 5208 5056 11221 5711 5218 5065 11244 5746 5252 5098 11323 5770 5275 5120 11376 5793 5296 5141 11424 5832 5333 5175 11506 5849 5348 5191 11541 5869 5367 5208 11581 5896 5390 5231 11629 5922 5413 5253 11677 5968 5455 5293 11765 5981 5466 5304 11788 5986 5470 5307 11795 5957 5444 5283 11737 5925 5415 5255 11674 5846 5343 5188 11518 5805 5307 5153 11440 5765 5271 5119 11362 5698 5211 5062 11234 5669 5185 5037 11176 5637 5156 5010 11114 5576 5100 4956 10993 5544 5071 4929 10928 5471 5004 4865 10784 5438 4974 4837 10718 5407 4947 4810 10658 5369 4911 4777 10579 5352 4896 4762 10544 5337 4883 4750 10514 5308 4856 4725 10455 5290 4840 4709 10421 5251 4804 4675 10342 5233 4789 4661 10311 5216 4774 4646 10279 5206 4769 4642 10276 5205 4770 4643 10280 5194 4759 4632 10261 5174 4741 4615 10221 5164 4733 4607 10203 5158 4728 4602 10193 5159 4728 4602 10194 5156 4726 4601 10190 5149 4720 4595 10178 5164 4734 4608 10212 5303 5006 4867 10480 5588 5114 4970 11031 5510 5044 4902 10882 5227 4792 4663 10343 5020 4608 4489 9951
2018-8-22 11:55:0 954 791 531 2091 1092 908 623 2395 1399 1162 819 3060 1549 1303 952 3409 1418 1223 937 3160 1558 1338 1026 3458 1586 1356 1039 3510 1521 1304 995 3374 1713 1455 1111 3772 1978 1683 1294 4351 2169 1851 1443 4769 2444 2088 1658 5357 2817 2428 1994 6162 2984 2575 2131 6516 2967 2564 2119 6602 3301 2851 2375 7185 3528 3038 2548 7636 4086 3510 2999 8773 4080 3535 3044 8772 4244 3691 3212 9114 4419 3877 3445 9447 4415 3864 3408 9461 3728 3260 2827 8077 3727 3253 2819 8062 3629 3172 2752 7865 3862 3380 2956 8332 4097 3582 3135 8822 4038 3524 3096 8676 4178 3656 3221 8972 4342 3805 3368 9295 4562 3997 3565 9719 4620 4062 3646 9818 4665 4104 3692 9901 4287 3789 3422 9136 4862 4283 3864 10288 4876 4278 3856 10293 4961 4351 3903 10478 5074 4433 3980 10666 5245 4593 4151 10999 4948 4357 3949 10405 5334 4684 4251 11171 5609 4943 4536 11654 5963 5300 4924 12233 7095 6347 6008 14114 8363 7530 7203 16357 8385 7558 7244 16250 8490 7672 7356 16445 9237 8326 7977 17867 9395 8461 8102 18147 9555 8586 8219 18392 9587 8610 8242 18435 9581 8601 8235 18410 9695 8702 8330 18625 9761 8761 8386 18750 9843 8835 8457 18910 9871 8861 8481 18965 9892 8880 8498 19006 9753 8757 8381 18746 9625 8645 8275 18514 9189 8263 7913 17710
2018-8-22 11:56:0 7341 6663 6435 14295 7318 6643 6416 14253 7273 6603 6379 14169 7253 6585 6363 14132 7229 6564 6343 14088 7138 6485 6268 13919 7076 6431 6217 13806 7013 6375 6164 13688 6894 6269 6064 13460 6841 6222 6019 13360 6768 6158 5958 13229 6745 6139 5940 13195 6734 6130 5932 13185 6747 6142 5944 13216 6754 6149 5951 13233 6761 6156 5958 13252 6764 6160 5961 13263 6754 6151 5952 13244 6745 6142 5944 13227 6749 6146 5947 13236 6764 6159 5960 13265 6803 6194 5993 13343 6834 6222 6019 13405 6877 6260 6056 13487 6985 6357 6147 13694 7044 6410 6197 13807 7170 6522 6303 14046 7248 6592 6369 14194 7339 6672 6444 14363 7535 6845 6610 14733 7620 6921 6682 14895 7694 6987 6744 15036 7797 7077 6829 15225 7807 7086 6838 15243 7734 7023 6777 15111 7669 6965 6723 14991 7606 6910 6671 14875 7497 6815 6580 14673 7454 6775 6542 14585 7362 6692 6463 14405 7311 6648 6421 14313 7283 6624 6399 14265 7263 6606 6382 14226 7248 6593 6370 14197 7232 6580 6358 14169 7229 6574 6353 14152 7199 6546 6326 14088 7023 6387 6175 13750 6887 6267 6061 13497 6749 6146 5946 13240 6496 5922 5733 12768 6383 5823 5639 12557 6182 5647 5472 12188 6110 5584 5414 12058 6063 5542 5375 11969 6000 5486 5321 11845 5989 5477 5314 11831 5981 5470 5307 11815 6181 5647 5472 12187 6325 5778 5598 12464
2018-8-22 11:57:0 1783 1563 1255 4023 2701 2422 2127 6042 3499 3182 2944 7633 4692 4321 4153 9715 4788 4416 4284 9659 4737 4365 4233 9530 4069 3765 3659 8190 3916 3601 3498 7861 3924 3605 3498 7861 3832 3523 3419 7673 3814 3507 3404 7637 3759 3398 3302 7531 3665 3375 3280 7355 3679 3388 3292 7382 3525 3250 3163 7086 3471 3202 3117 6980 3485 3212 3127 6999 3589 3302 3211 7185 3573 3293 3205 7161 3430 3164 3082 6888 3431 3165 3084 6893 3466 3198 3115 6962 3477 3208 3123 6985 3426 3162 3079 6885 3458 3192 3109 6950 3746 3453 3360 7513 3968 3658 3560 7960 4251 3920 3817 8531 4432 4087 3979 8893 4679 4310 4193 9371 4867 4480 4358 9735 4938 4550 4429 9891 4970 4583 4463 9964 4802 4436 4325 9648 4683 4331 4226 9422 4547 4207 4108 9150 4498 4162 4065 9051 4510 4171 4072 9068 4113 3821 3740 8339 4258 3949 3860 8603 4434 4102 4005 8920 4725 4361 4251 9462 4811 4437 4325 9622 4990 4598 4478 9966 5014 4619 4497 10014 4978 4588 4468 9947 5167 4754 4625 10309 5220 4801 4669 10405 5386 4947 4808 10709 5588 5126 4978 11087 5833 5345 5186 11555 6114 5600 5431 12112 6127 5617 5449 12163 6101 5599 5432 12133 5996 5506 5346 11939 5924 5441 5284 11801 5944 5457 5299 11838 5918 5432 5274 11787 6009 5507 5341 11945 5937 5428 5255 11766
2018-8-22 11:58:0 3697 3001 2176 7902 4004 3248 2355 8555 3345 2720 1959 7163 3599 2909 2090 7681 3683 2981 2142 7868 3170 2590 1853 6820 4059 3257 2353 8608 3552 2895 2093 7619 3694 3002 2182 7901 3610 2925 2124 7705 3847 3130 2269 8241 3626 2942 2118 7760 3416 2776 1989 7322 3823 3079 2215 8138 3303 2682 1929 7075 4208 3392 2457 8954 4130 3322 2416 8769 3339 2726 1984 7166 4094 3314 2411 8732 4124 3308 2402 8744 3214 2622 1880 6911 3174 2588 1852 6824 3590 2900 2090 7659 3266 2658 1917 7004 3106 2545 1838 6694 3813 3077 2235 8118 3624 2924 2127 7713 3687 2990 2164 7883 3238 2631 1892 6939 2754 2261 1620 5949 4029 3240 2335 8568 3036 2474 1776 6522 3175 2587 1865 6814 3616 2931 2125 7723 3880 3143 2289 8279 3188 2605 1882 6851 3945 3184 2311 8397 3150 2570 1838 6776 3438 2785 1994 7352 3642 2942 2111 7773 3239 2653 1909 6978 4380 3496 2544 9246 3833 3104 2252 8179 3180 2607 1882 6851 4354 3477 2521 9207 4301 3432 2478 9090 3134 2560 1825 6747 4128 3289 2334 8736 2607 2113 1455 5607 3366 2682 1854 7149 2919 2332 1586 6220 2965 2355 1602 6297 2738 2173 1463 5815 2841 2227 1468 5996 2488 1951 1267 5260 2052 1625 1037 4373 1878 1476 926 3987 2334 1805 1139 4900 1962 1535 966 4151 2111 1647 1039 4458
2018-8-22 11:59:0 1074 857 530 2309 1103 879 545 2368 1146 910 567 2456 1073 856 532 2306 1084 863 535 2327 1110 880 545 2376 1063 846 523 2282 1081 860 532 2320 1070 851 527 2295 1048 836 519 2253 1050 837 519 2255 1082 860 535 2320 1097 870 541 2348 1013 809 501 2179 1075 853 529 2302 1071 852 528 2298 1099 872 540 2352 1116 885 550 2390 1052 841 520 2264 1141 904 562 2442 1114 885 550 2388 1059 846 524 2278 1077 858 531 2313 1155 913 567 2468 1062 846 523 2281 1117 887 551 2394 1015 813 504 2187 1101 875 545 2362 1048 837 521 2254 1106 879 549 2372 1098 871 542 2351 1014 810 502 2182 1089 863 535 2330 1108 879 545 2372 1114 884 549 2386 1125 893 556 2409 1176 933 579 2516 1183 938 582 2531 1240 977 606 2642 1221 967 598 2611 1225 969 599 2617 1317 1035 640 2801 1255 991 612 2678 1305 1029 637 2781 1263 999 619 2698 1263 999 620 2698 1314 1034 642 2797 1189 945 584 2548 1256 989 612 2674 1218 961 593 2597 1224 968 598 2615 1190 944 584 2546 1206 954 592 2577 1186 941 584 2539 1168 926 575 2498 1142 907 562 2446 1169 925 573 2498 1236 973 603 2632 1165 923 571 2492 1214 959 595 2592
2018-8-22 12:0:0 972 772 479 2085 985 781 485 2109 965 765 475 2067 956 758 469 2048 952 753 466 2037 958 757 468 2048 944 748 463 2022 949 751 466 2031 936 743 461 2007 948 752 467 2031 935 743 461 2005 951 753 467 2035 931 738 457 1994 924 733 453 1981 923 733 453 1979 946 750 465 2027 957 759 472 2051 953 757 470 2043 958 760 472 2054 931 740 459 1999 953 756 468 2042 942 747 462 2018 939 746 461 2014 930 739 458 1996 931 741 459 2000 949 754 468 2035 945 751 466 2027 940 747 463 2017 937 744 461 2010 936 743 459 2008 930 738 456 1994 932 740 458 2000 925 736 456 1987 943 750 466 2025 938 746 463 2014 953 757 469 2043 944 750 464 2025 928 739 457 1995 961 762 472 2059 951 755 468 2040 953 757 469 2045 958 762 473 2057 953 757 470 2045 948 753 468 2034 953 757 470 2044 941 747 463 2019 928 738 457 1991 915 728 451 2026 941 747 463 2018 934 742 460 2003 923 734 457 1982 920 731 454 1973 926 735 457 1986 905 719 445 1942 918 728 451 1967 911 723 449 1953 906 719 447 1942 893 710 441 1917 896 713 443 1923 905 718 447 1939
2018-8-22 12:1:0 1067 844 522 2284 1043 827 511 2234 1031 818 505 2211 1048 829 512 2243 1057 838 518 2265 1031 819 506 2211 1083 857 531 2317 1044 828 512 2238 1038 824 509 2226 1055 837 517 2262 1057 840 518 2268 1104 874 539 2363 1087 863 533 2332 1127 893 552 2413 1104 878 542 2370 1114 885 546 2391 1196 944 584 2556 1145 909 560 2456 1185 939 578 2537 1217 962 593 2602 1221 967 594 2613 1301 1024 631 2774 1246 985 606 2665 1238 980 603 2650 1277 1009 623 2731 1246 986 608 2666 1269 1001 617 2710 1245 982 605 2659 1176 931 572 2518 1194 944 581 2554 1188 940 579 2542 1187 940 580 2541 1155 916 566 2476 1181 935 578 2528 1166 923 570 2495 1145 906 559 2451 1174 929 571 2512 1196 944 581 2555 1209 954 587 2583 1198 950 585 2568 1284 1013 626 2741 1250 988 611 2672 1274 1005 619 2720 1235 975 600 2639 1213 958 589 2592 1206 954 587 2580 1184 937 577 2533 1197 946 584 2559 1152 915 564 2471 1164 922 569 2492 1178 930 575 2517 1099 874 539 2360 1100 874 538 2360 1158 914 564 2476 1086 863 531 2331 1141 903 558 2442 1128 895 553 2417 1132 898 556 2427 1131 897 554 2423 1142 905 559 2446
2018-8-22 12:2:0 939 749 464 2021 931 743 461 2006 934 746 462 2012 929 742 460 2003 926 740 459 1996 913 730 452 1969 911 727 450 1961 915 730 452 1971 910 727 450 1961 898 718 445 1937 902 720 447 1943 887 709 440 1913 891 711 441 1919 888 709 440 1913 874 699 434 1884 883 704 437 1901 869 694 431 1872 866 692 429 1866 863 689 427 1859 855 682 423 1843 854 681 423 1839 849 677 420 1828 846 675 419 1821 843 672 417 1814 838 669 415 1804 839 669 416 1805 835 666 414 1798 830 663 412 1788 831 663 412 1789 828 661 411 1783 832 663 412 1790 815 651 405 1756 824 657 409 1773 823 657 408 1773 821 655 407 1768 816 651 405 1757 821 655 407 1766 815 651 404 1755 812 649 403 1750 816 651 405 1756 814 650 404 1754 820 654 406 1765 812 649 403 1750 815 651 404 1756 818 654 406 1764 821 656 407 1768 813 650 404 1754 818 653 406 1762 820 655 406 1756 815 652 405 1758 815 651 405 1757 819 655 407 1766 818 654 407 1764 817 654 406 1762 814 651 404 1756 817 654 406 1763 815 652 405 1759 819 655 407 1766 819 655 407 1767 820 656 408 1770
2018-8-22 12:3:0 805 644 400 1738 805 645 400 1739 798 639 396 1723 798 638 396 1722 799 639 396 1723 792 633 393 1709 784 627 389 1692 777 622 386 1677 779 622 386 1679 773 618 384 1668 769 615 383 1660 764 611 381 1649 758 606 377 1635 756 604 376 1630 749 599 372 1616 747 597 371 1610 743 594 370 1602 745 595 370 1606 739 590 367 1592 732 585 364 1577 730 583 363 1573 728 581 362 1568 727 580 361 1566 732 584 363 1575 729 582 362 1570 731 582 363 1572 733 585 364 1577 733 584 364 1576 729 585 364 1569 729 581 362 1568 730 582 362 1570 731 583 363 1572 731 583 363 1573 729 581 362 1567 722 576 359 1554 728 580 361 1565 722 575 357 1550 724 576 358 1555 718 571 355 1541 711 566 352 1526 712 566 352 1528 706 562 350 1515 704 560 349 1511 701 557 347 1504 705 560 349 1512 695 552 344 1490 695 552 344 1490 678 540 337 1455 678 539 336 1453 656 522 326 1408 653 519 324 1400 649 516 322 1391 634 504 315 1359 630 501 313 1351 623 495 309 1335 615 489 306 1318 615 489 306 1319 597 475 296 1278 593 471 294 1270 581 462 288 1244
2018-8-22 12:4:0 283 222 137 594 291 228 141 610 287 225 139 603 289 227 140 607 292 229 141 612 295 231 142 619 295 232 143 620 297 233 144 623 302 237 146 634 294 231 142 618 301 236 145 632 297 234 144 626 300 236 145 632 300 236 145 631 303 239 147 638 304 240 148 641 304 240 147 642 304 240 147 641 304 240 147 641 305 241 148 645 308 244 150 651 308 244 150 651 307 243 149 649 308 243 150 651 309 244 150 652 308 243 150 651 307 243 149 650 308 243 149 650 308 243 150 651 308 243 149 650 308 244 149 651 309 244 150 652 311 246 151 658 307 243 149 649 309 244 150 654 309 245 150 654 312 247 152 659 311 246 151 657 313 248 152 662 315 249 153 665 317 251 154 670 316 250 153 670 316 250 154 670 320 254 156 678 320 253 156 678 322 255 156 681 319 253 155 676 323 256 157 684 321 254 156 681 326 258 158 691 324 257 157 686 329 261 160 699 325 258 158 690 327 259 159 694 328 260 159 696 330 261 160 699 330 262 160 700 330 262 161 700 334 265 163 709 333 264 162 706
2018-8-22 12:5:0 766 610 375 1648 764 609 374 1646 759 605 371 1634 749 598 367 1614 774 616 379 1665 777 617 379 1669 758 605 371 1633 772 614 377 1660 770 613 376 1656 776 618 379 1669 777 618 379 1670 770 613 376 1656 771 614 376 1658 738 590 361 1593 790 627 385 1696 783 622 382 1682 780 620 380 1676 745 594 364 1605 758 604 370 1632 770 612 376 1654 767 611 375 1650 765 609 373 1644 750 599 367 1616 767 611 375 1651 755 602 370 1626 778 619 380 1671 785 624 383 1687 754 602 368 1625 794 631 387 1705 819 649 399 1756 784 625 383 1688 777 621 380 1675 823 654 401 1767 795 633 388 1710 825 654 402 1770 776 620 379 1672 819 650 399 1757 802 637 391 1723 786 627 384 1692 784 626 383 1689 814 648 397 1750 826 656 402 1773 831 660 404 1784 802 638 391 1724 792 632 387 1706 800 637 391 1721 796 634 389 1713 767 612 375 1653 814 645 396 1746 756 605 370 1631 759 606 372 1636 749 598 366 1614 737 589 360 1589 773 615 378 1663 734 587 360 1583 768 612 375 1653 744 595 364 1605 775 617 379 1667 764 610 374 1647 784 625 383 1688
2018-8-22 12:6:0 677 546 336 1470 690 555 342 1496 681 548 337 1477 695 559 344 1507 668 540 332 1454 697 560 344 1510 719 577 355 1558 720 579 356 1561 723 581 357 1566 712 573 352 1544 723 582 357 1568 739 593 364 1599 733 589 361 1588 746 599 368 1615 750 603 370 1625 757 608 373 1639 758 608 373 1641 737 593 364 1599 743 597 366 1610 738 594 364 1601 777 622 382 1680 729 587 360 1582 729 587 361 1582 755 606 373 1634 751 603 370 1626 743 597 367 1610 718 579 355 1559 712 574 352 1545 738 592 364 1597 733 589 362 1587 753 603 371 1627 722 581 356 1565 721 580 356 1563 738 591 363 1596 737 591 363 1594 764 610 375 1648 743 596 366 1608 755 604 371 1630 747 598 367 1613 741 594 365 1603 711 573 352 1544 783 624 385 1687 741 596 366 1606 749 600 369 1620 731 587 360 1584 752 602 370 1626 768 614 377 1658 739 594 364 1600 751 602 370 1625 767 613 377 1657 773 618 380 1669 767 614 377 1657 728 586 359 1579 754 605 371 1632 729 587 360 1581 817 650 400 1758 758 606 373 1637 775 619 381 1673 733 590 362 1591 769 616 379 1663
2018-8-22 12:7:0 1122 877 537 2380 1026 808 493 2188 1067 838 512 2271 1083 849 518 2303 1040 818 498 2216 1219 947 580 2575 1127 882 539 2392 1252 973 596 2645 1094 860 524 2328 1170 912 558 2477 1134 885 541 2403 1121 878 535 2379 1095 856 521 2321 1169 910 556 2471 1147 894 547 2426 1100 860 525 2332 1107 863 528 2343 1141 888 544 2413 1074 839 513 2276 1036 812 495 2200 993 780 475 2112 1131 878 538 2386 1004 787 479 2132 1131 875 536 2382 978 768 467 2080 1015 793 484 2151 1037 809 494 2194 1085 842 515 2289 1063 827 505 2245 1078 838 512 2275 1025 798 518 2165 1065 826 504 2243 997 779 473 2111 1051 814 497 2212 987 770 468 2087 1085 836 511 2276 1028 796 485 2163 963 749 456 2032 1036 800 489 2177 968 751 458 2041 975 758 462 2057 964 748 456 2030 1016 786 480 2137 988 766 467 2081 919 714 434 1938 913 712 433 1929 945 732 446 1988 1004 773 473 2104 886 689 419 1870 904 701 426 1904 896 695 422 1887 993 762 465 2077 949 729 445 1985 904 699 425 1899 897 693 421 1883 924 712 433 1936 817 636 385 1723 866 670 407 1819 944 724 442 1972 904 696 424 1893
2018-8-22 12:8:0 419 333 198 893 423 335 200 900 420 334 199 896 422 335 200 899 424 337 201 904 433 343 205 922 434 345 206 926 442 350 209 941 452 358 214 961 452 359 214 963 461 365 219 982 465 369 221 991 469 371 222 998 474 375 225 1010 463 368 220 988 469 372 223 1000 475 377 226 1013 483 383 230 1029 494 392 236 1053 494 392 236 1053 507 402 242 1080 517 410 247 1101 529 418 252 1126 539 426 257 1090 531 421 254 1132 544 431 260 1159 551 436 263 1174 550 435 263 1171 561 443 268 1193 549 435 263 1170 552 438 265 1178 553 439 266 1182 562 446 270 1200 559 444 269 1195 562 448 272 1204 585 464 282 1249 579 460 279 1239 597 474 288 1276 641 506 309 1365 645 510 311 1375 606 482 293 1297 679 536 327 1447 693 547 334 1475 682 540 329 1455 687 543 332 1465 728 574 351 1549 729 575 351 1552 748 589 360 1591 836 653 400 1769 752 593 362 1601 825 645 395 1746 804 632 386 1709 890 694 425 1881 885 691 423 1872 910 708 434 1921 953 740 454 2010 901 705 431 1908 985 763 469 2074 978 761 466 2064 969 755 462 2048
2018-8-22 12:9:0 1671 1295 791 3519 1769 1365 835 3713 1720 1329 813 3616 1863 1432 879 3902 1821 1403 860 3820 1766 1359 832 3701 1808 1395 855 3797 1774 1368 837 3723 1763 1361 832 3704 1768 1368 836 3719 1956 1493 918 4077 1674 1302 792 3533 1710 1328 808 3605 1874 1437 880 3918 1794 1388 849 3774 1862 1435 879 3906 1881 1447 886 3940 1695 1319 802 3580 1999 1525 937 4165 1976 1511 927 4125 1844 1423 870 3872 1928 1479 908 4033 1871 1441 884 3923 1838 1419 868 3860 1839 1416 866 3855 1877 1441 884 3928 1667 1296 790 3518 1682 1305 797 3545 1764 1360 834 3703 1671 1293 792 3517 1641 1270 777 3453 1617 1251 766 3403 1657 1282 786 3487 1625 1260 772 3425 1663 1288 791 3503 1572 1226 749 3326 1751 1347 828 3672 1561 1218 744 3305 1617 1256 769 3412 1514 1183 722 3209 1712 1321 811 3598 1680 1299 798 3535 1431 1124 685 3043 1590 1236 758 3358 1561 1215 744 3300 1497 1172 716 3177 1506 1178 720 3194 1624 1256 772 3419 1495 1169 715 3170 1529 1189 729 3231 1398 1099 671 2975 1498 1167 716 3169 1424 1114 683 3022 1484 1159 711 3145 1525 1186 728 3223 1413 1105 676 2998 1511 1175 721 3193 1379 1085 662 2936 1607 1246 766 3389 1661 1283 790 3494
2018-8-22 12:10:0 1400 1101 673 2983 1556 1208 743 3287 1500 1171 718 3180 1565 1219 748 3313 1562 1216 747 3305 1485 1163 712 3155 1483 1158 710 3144 1530 1191 732 3237 1385 1089 666 2951 1526 1188 730 3229 1463 1140 700 3098 1326 1046 639 2832 1435 1120 687 3043 1453 1134 697 3081 1458 1141 701 3096 1420 1112 681 3017 1411 1105 677 2997 1346 1059 648 2870 1432 1119 688 3039 1468 1144 704 3110 1298 1026 627 2775 1364 1070 657 2901 1446 1128 694 3065 1371 1074 658 2914 1481 1154 709 3137 1343 1055 645 2859 1405 1101 675 2987 1520 1182 727 3214 1472 1149 706 3121 1488 1162 711 3154 1638 1269 780 3453 1643 1276 783 3468 1549 1212 740 3288 1723 1333 818 3629 1714 1327 816 3611 1674 1296 795 3527 1618 1258 770 3418 1506 1181 722 3200 1623 1260 773 3426 1464 1151 702 3116 1752 1353 832 3686 1682 1305 800 3550 1789 1383 851 3765 1649 1280 786 3481 1680 1303 800 3544 1536 1201 734 3257 1620 1258 773 3421 1639 1272 782 3459 1525 1193 731 3237 1578 1227 754 3335 1543 1202 739 3265 1540 1200 738 3260 1522 1188 730 3226 1438 1128 691 3058 1524 1186 729 3225 1509 1175 723 3195 1439 1129 692 3060 1419 1111 681 3015 1353 1065 651 2886 1503 1171 720 3182
2018-8-22 12:11:0 1406 1104 676 2991 1357 1067 654 2891 1506 1170 722 3183 1450 1129 696 3069 1411 1106 680 3000 1519 1179 727 3207 1515 1182 726 3209 1584 1231 757 3347 1508 1179 723 3199 1527 1193 731 3237 1639 1272 782 3459 1521 1188 729 3225 1679 1295 799 3530 1464 1145 702 3108 1523 1187 730 3224 1488 1159 713 3150 1485 1159 713 3147 1489 1162 714 3156 1587 1232 759 3353 1497 1169 719 3174 1417 1110 682 3011 1413 1109 682 3007 1368 1076 660 2916 1468 1143 704 3108 1300 1023 629 2774 1341 1051 648 2854 1261 994 612 2693 1219 963 593 2609 1211 958 590 2594 1249 984 607 2667 1295 1018 628 2761 1258 991 611 2687 1227 969 597 2625 1202 953 585 2578 1410 1101 681 2993 1482 1152 714 3135 1291 1022 627 2765 1500 1166 720 3173 1417 1114 682 3019 1561 1216 748 3306 1562 1217 748 3307 1556 1214 746 3299 1558 1214 747 3299 1529 1193 734 3241 1389 1091 669 2958 1521 1183 729 3218 1466 1144 705 3109 1468 1145 705 3111 1368 1076 661 2917 1414 1107 680 3005 1396 1096 673 2973 1424 1118 686 3031 1518 1183 729 3216 1554 1207 745 3284 1370 1081 661 2926 1599 1241 766 3379 1639 1272 785 3462 1512 1183 726 3210 1648 1281 789 3484 1634 1272 780 3457
2018-8-22 12:12:0 1592 1241 759 3369 1701 1316 807 3583 1604 1241 760 3378 1641 1274 779 3464 1620 1256 769 3416 1559 1211 742 3292 1499 1167 714 3170 1520 1182 725 3214 1557 1205 741 3282 1495 1164 714 3162 1562 1209 744 3292 1418 1111 679 3013 1479 1153 706 3133 1433 1120 685 3040 1521 1183 725 3216 1462 1140 696 3098 1513 1180 722 3206 1427 1115 682 3029 1458 1136 698 3088 1319 1041 636 2818 1507 1172 722 3189 1452 1133 698 3079 1349 1063 652 2880 1278 1008 617 2731 1390 1086 668 2952 1180 935 571 2530 1163 919 563 2490 1081 861 527 2327 1240 973 599 2642 1052 839 514 2266 1193 942 581 2552 1086 863 531 2334 1177 931 574 2521 1111 881 543 2385 1163 920 565 2491 1185 937 575 2537 1209 955 585 2586 1260 990 606 2686 1238 976 598 2645 1228 967 592 2622 1159 918 560 2484 1324 1034 636 2811 1250 985 607 2669 1204 955 588 2582 1198 948 584 2566 1231 971 598 2632 1202 952 584 2575 1166 925 567 2502 1314 1028 632 2792 1203 948 580 2568 1366 1062 654 2891 1136 901 550 2437 1329 1037 638 2821 1343 1051 648 2854 1289 1014 625 2750 1321 1036 638 2811 1325 1038 640 2818 1222 967 593 2616 1119 890 545 2405 1425 1104 682 3009
2018-8-22 12:13:0 1667 1297 792 3526 1629 1267 772 3444 1758 1360 833 3704 1701 1319 806 3589 1779 1374 842 3744 1772 1370 840 3730 1785 1384 850 3764 1743 1357 831 3686 1925 1483 914 4043 1866 1443 886 3930 1705 1323 807 3599 1745 1345 821 3669 1676 1302 792 3541 1673 1298 791 3531 1657 1283 786 3492 1600 1245 762 3384 1630 1267 777 3445 1674 1302 801 3539 1611 1254 771 3409 1591 1241 761 3370 1562 1216 744 3306 1677 1299 796 3536 1699 1313 804 3579 1564 1217 741 3309 1627 1261 770 3435 1568 1221 746 3320 1589 1237 758 3364 1533 1197 736 3252 1473 1156 710 3134 1558 1211 748 3295 1532 1195 738 3248 1408 1105 678 2999 1465 1145 640 3111 1407 1099 672 2987 1327 1038 633 2821 1367 1066 652 2899 1261 992 606 2692 1294 1016 623 2758 1244 983 605 2662 1228 969 598 2626 1264 992 617 2694 1215 959 593 2599 1125 893 550 2417 1086 863 527 2335 1196 937 574 2547 1156 912 556 2473 1171 923 563 2504 1184 934 571 2533 1266 997 613 2703 1204 954 587 2582 1311 1029 636 2792 1237 978 603 2648 1231 972 599 2633 1163 922 566 2495 1171 926 566 2507 1229 966 591 2621 1242 973 594 2643 1164 919 560 2491 1325 1033 634 2811 1239 976 600 2647
2018-8-22 12:14:0 1547 1204 739 3274 1647 1275 786 3472 1626 1260 776 3430 1410 1107 675 3002 1611 1248 766 3399 1679 1297 796 3536 1444 1134 690 3075 1381 1089 662 2949 1573 1221 749 3323 1441 1130 691 3065 1389 1090 667 2955 1391 1092 669 2962 1500 1170 720 3180 1456 1137 700 3089 1299 1023 628 2773 1263 996 610 2699 1184 938 573 2539 1270 1000 613 2712 1226 965 594 2618 1183 936 574 2534 1149 911 559 2467 1301 1018 628 2767 1118 892 546 2411 1212 962 591 2603 1227 970 596 2627 1326 1041 642 2826 1316 1034 636 2806 1317 1037 637 2813 1325 1041 637 2825 1378 1077 661 2928 1244 984 600 2664 1263 999 610 2704 1498 1166 717 3171 1423 1115 685 3028 1504 1173 723 3188 1289 1018 623 2755 1376 1078 662 2927 1276 1007 616 2727 1411 1100 678 2991 1333 1042 639 2831 1275 1004 614 2722 1263 1014 621 2698 1305 1026 629 2783 1272 1004 615 2719 1293 1020 625 2763 1372 1074 660 2917 1304 1027 629 2784 1413 1104 679 3001 1254 989 605 2680 1253 989 605 2679 1377 1076 662 2925 1326 1041 637 2825 1281 1009 618 2736 1314 1031 633 2799 1159 922 562 2492 1208 956 585 2587 1263 995 610 2697 1176 931 570 2520 1332 1039 640 2826 1106 880 537 2379
2018-8-22 12:15:0 1815 1405 859 3824 1926 1481 910 4039 1775 1376 842 3743 1739 1350 823 3670 2068 1578 972 4315 1771 1372 837 3732 1805 1396 851 3799 1901 1459 893 3981 1779 1372 838 3739 1683 1306 795 3552 1961 1498 922 4095 1765 1362 833 3711 1697 1316 804 3579 1738 1343 822 3657 1674 1299 792 3534 1847 1419 871 3873 1699 1316 803 3581 1780 1370 838 3737 1720 1328 810 3618 1787 1376 842 3753 1686 1307 799 3556 1850 1422 874 3881 1570 1224 746 3325 1909 1459 899 3990 1757 1353 830 3690 1783 1375 844 3748 1567 1222 744 3319 1542 1203 733 3268 1736 1343 824 3658 1690 1308 804 3565 1541 1201 735 3265 1551 1205 739 3280 1382 1083 661 2940 1476 1150 704 3127 1423 1111 680 3021 1397 1093 671 2969 1324 1039 638 2821 1321 1034 635 2809 1245 981 602 2659 1272 1000 615 2713 1208 951 583 2580 1240 976 598 2648 1181 932 569 2527 1140 903 551 2446 1183 933 572 2531 1140 902 553 2444 1186 934 575 2535 1119 888 545 2404 1225 962 594 2613 1068 853 522 2304 1323 1031 637 2806 1223 959 589 2605 1151 909 556 2464 1252 981 602 2666 1126 893 546 2417 1263 992 610 2693 1278 1004 618 2726 1226 967 594 2621 1221 965 593 2614 1174 932 570 2522
2018-8-22 12:16:0 1752 1359 831 3696 1744 1352 828 3679 1750 1353 829 3684 1650 1283 783 3487 1743 1343 822 3661 1770 1361 834 3714 1505 1178 715 3196 1717 1330 813 3619 1754 1355 831 3692 1767 1364 836 3716 1837 1413 868 3854 1568 1229 747 3332 1850 1422 873 3880 1926 1474 907 4028 1634 1274 775 3459 1672 1299 791 3533 1805 1391 850 3792 1774 1373 838 3737 1711 1328 812 3611 1757 1357 831 3698 1835 1409 865 3846 1751 1358 830 3695 1769 1371 839 3730 1692 1318 804 3581 1848 1420 871 3875 1763 1365 834 3716 1706 1321 806 3597 1672 1301 792 3536 1827 1409 862 3842 1726 1338 817 3642 1809 1396 855 3806 1745 1353 827 3681 1825 1409 864 3840 1727 1338 818 3642 1768 1367 836 3723 1782 1377 842 3752 1752 1356 828 3692 1846 1423 872 3879 1675 1301 793 3539 1661 1293 788 3514 1716 1334 814 3626 1846 1428 875 3889 1985 1523 937 4158 1708 1325 809 3605 1898 1460 898 3984 1846 1418 870 3871 1799 1390 852 3786 1853 1425 875 3889 1633 1269 774 3450 1822 1406 861 3833 1585 1238 753 3361 1968 1508 929 4119 1686 1310 801 3563 1895 1457 896 3976 1570 1227 747 3331 1625 1265 772 3438 1812 1396 857 3808 1822 1406 862 3832 1870 1439 882 3927 1780 1378 842 3754
2018-8-22 12:17:0 1658 1291 790 3509 1558 1224 746 3317 1832 1412 869 3851 1924 1478 910 4035 1712 1329 813 3616 1754 1359 832 3700 1725 1341 821 3647 1797 1387 851 3780 1548 1215 739 3294 1643 1281 784 3481 1878 1444 890 3941 1747 1350 828 3680 1667 1299 793 3530 1652 1283 783 3490 1710 1325 810 3607 1652 1282 782 3489 1640 1275 777 3467 1637 1273 778 3460 1621 1262 772 3430 1632 1269 775 3451 1738 1340 821 3654 1589 1240 756 3368 1700 1319 808 3589 1700 1319 807 3590 1788 1378 846 3757 1646 1280 782 3480 1682 1306 798 3554 1582 1238 753 3360 1876 1442 886 3936 1564 1226 745 3324 1573 1231 749 3340 1830 1409 865 3843 1758 1363 834 3709 1677 1307 798 3550 1814 1401 861 3818 1811 1399 860 3812 1753 1357 832 3695 1662 1292 789 3513 1746 1352 827 3682 1791 1382 846 3767 1574 1231 749 3341 1841 1415 868 3862 2000 1525 941 4172 1570 1232 749 3340 1956 1495 923 4088 1906 1464 901 3995 1646 1282 784 3484 1769 1370 839 3729 1682 1308 801 3557 1730 1341 821 3649 1989 1520 937 4157 1649 1282 782 3486 1823 1407 864 3836 1688 1309 801 3563 1857 1432 880 3904 1793 1383 849 3769 1878 1442 889 3937 1569 1228 750 3330 1760 1364 837 3712 1634 1273 777 3457
2018-8-22 12:18:0 1834 1404 863 3837 1703 1321 809 3594 1780 1373 843 3742 1739 1346 826 3665 1736 1341 823 3653 1626 1268 775 3444 1625 1267 774 3441 1742 1348 827 3669 1689 1312 804 3569 1611 1258 767 3415 1704 1316 806 3586 1730 1336 818 3640 1595 1244 758 3380 1748 1347 826 3672 1831 1409 866 3843 1619 1260 770 3425 1649 1282 785 3485 1759 1359 835 3703 1678 1304 798 3546 1761 1357 833 3701 1635 1272 776 3458 1740 1347 825 3668 1582 1232 751 3347 1557 1216 741 3302 1633 1272 778 3457 1621 1260 771 3427 1644 1279 784 3478 1645 1275 781 3471 1692 1313 805 3572 1762 1356 833 3700 1603 1249 761 3394 1702 1318 806 3589 1686 1307 800 3558 1716 1327 813 3615 1596 1248 760 3386 1780 1374 843 3745 1624 1268 775 3443 1702 1320 810 3591 1765 1365 837 3718 1545 1211 737 3285 1913 1464 902 4000 1561 1222 744 3316 1659 1289 787 3505 1709 1325 810 3606 1663 1293 791 3442 1747 1351 828 3680 1716 1332 815 3623 1665 1296 793 3522 1805 1391 856 3794 1620 1263 772 3431 1618 1257 768 3420 1671 1297 794 3530 1553 1213 740 3294 1581 1232 752 3349 1699 1313 806 3579 1666 1293 792 3519 1621 1263 773 3433 1701 1319 810 3591 1649 1284 787 3491 1620 1261 773 3429
2018-8-22 12:19:0 1732 1341 822 3651 1746 1351 829 3678 1709 1327 812 3608 1645 1283 784 3486 1866 1438 884 3922 1511 1188 721 3218 1742 1350 826 3675 1572 1231 749 3339 1600 1252 763 3397 1732 1339 821 3648 1755 1363 835 3707 1800 1394 856 3794 1600 1253 765 3399 1754 1357 832 3695 1763 1368 838 3722 1719 1332 815 3627 1916 1464 901 4004 1631 1273 776 3457 1846 1417 871 3869 1587 1246 759 3378 1885 1449 892 3953 1735 1349 827 3667 1785 1381 848 3760 1586 1243 758 3372 1675 1302 796 3542 1731 1343 822 3654 1714 1331 815 3622 1674 1306 797 3547 1698 1318 806 3588 1712 1334 816 3625 1683 1308 800 3559 1617 1355 833 3438 1706 1329 814 3612 1753 1360 835 3701 1660 1296 793 3520 1767 1368 840 3725 1667 1298 794 3529 1757 1357 832 3699 1633 1275 777 3464 1652 1288 787 3501 1716 1333 816 3627 1570 1231 752 3339 1654 1294 793 3513 1838 1417 874 3865 1653 1288 787 3501 1760 1366 837 3717 1660 1293 790 3515 1726 1337 818 3641 1613 1260 767 3421 1719 1335 816 3632 1738 1348 826 3669 1788 1384 851 3769 1783 1381 849 3759 1568 1231 751 3338 1687 1312 803 3567 1593 1249 762 3388 1732 1342 822 3653 1823 1406 863 3834 1596 1249 761 3391 1818 1403 862 3825
2018-8-22 12:20:0 1683 1288 787 3514 1527 1178 716 3205 1695 1297 792 3538 1675 1279 781 3493 1528 1178 715 3207 1638 1255 764 3423 1595 1224 745 3338 1675 1279 781 3492 1534 1183 719 3221 1578 1213 739 3306 1572 1210 737 3296 1593 1224 747 3336 1620 1244 759 3390 1688 1288 787 3519 1489 1150 697 3129 1638 1211 737 3421 1535 1181 718 3218 1662 1272 777 3472 1702 1300 795 3550 1577 1211 737 3300 1606 1236 755 3367 1468 1137 690 3090 1419 1102 667 2994 1508 1163 707 3166 1652 1261 771 3444 1568 1207 735 3287 1578 1215 739 3307 1543 1189 723 3237 1639 1256 767 3425 1489 1149 698 3126 1667 1273 778 3475 1563 1199 730 3268 1483 1143 693 3110 1421 1102 666 2994 1407 1092 659 2966 1615 1235 753 3371 1527 1173 712 3196 1550 1189 723 3241 1533 1176 716 3205 1661 1266 774 3459 1358 1053 635 2861 1391 1075 650 2923 1550 1189 723 3242 1492 1148 696 3126 1510 1163 706 3166 1542 1185 722 3229 1545 1188 723 3237 1626 1244 760 3395 1492 1151 700 3132 1548 1192 725 3246 1476 1140 692 3101 1516 1169 710 3181 1575 1207 736 3291 1582 1212 739 3305 1655 1264 772 3451 1534 1181 717 3215 1546 1184 721 3229 1526 1175 715 3198 1482 1143 694 3111 1454 1124 682 3057
2018-8-22 12:21:0 1542 1197 727 3252 1514 1174 712 3192 1680 1291 790 3520 1711 1317 806 3589 1508 1171 710 3183 1536 1190 723 3237 1678 1289 788 3515 1442 1126 682 3054 1563 1210 736 3290 1614 1242 757 3384 1572 1213 738 3302 1652 1272 775 3466 1622 1251 762 3407 1571 1214 740 3304 1614 1239 757 3380 1678 1290 788 3516 1767 1351 829 3690 1568 1213 738 3299 1519 1178 714 3204 1684 1290 787 3521 1530 1186 719 3225 1539 1192 724 3242 1678 1288 786 3512 1637 1260 769 3434 1492 1161 705 3152 1727 1318 808 3601 1597 1229 749 3349 1663 1280 782 3488 1762 1345 823 3674 1515 1176 714 3195 1733 1326 811 3619 1591 1227 747 3340 1769 1353 829 3693 1691 1297 793 3537 1533 1189 723 3231 1609 1241 757 3377 1729 1324 810 3615 1611 1242 755 3383 1726 1321 806 3607 1571 1215 737 3305 1542 1191 723 3242 1693 1293 790 3531 1554 1204 732 3273 1778 1359 833 3709 1689 1298 793 3538 1559 1209 735 3286 1556 1206 733 3279 1686 1293 790 3528 1495 1164 705 3160 1517 1177 714 3200 1713 1312 801 3581 1598 1233 751 3420 1572 1218 741 3312 1666 1281 782 3494 1645 1268 774 3455 1515 1179 717 3203 1680 1292 790 3522 1644 1269 774 3456 1601 1241 756 3375 1600 1240 756 3373
2018-8-22 12:22:0 1776 1365 837 3724 1596 1246 758 3382 1560 1216 738 3302 1794 1375 843 3756 1649 1279 779 3479 1703 1319 807 3589 1639 1273 779 3461 1770 1367 838 3723 1577 1228 747 3336 1829 1409 864 3841 1699 1310 801 3568 1724 1331 813 3625 1749 1349 825 3676 1566 1219 740 3312 1775 1366 837 3725 1854 1423 873 3883 1578 1231 748 3342 1596 1244 757 3378 1776 1365 836 3724 1770 1361 833 3712 1572 1224 743 3325 1631 1264 769 3438 1738 1338 795 3647 1799 1382 846 3771 1763 1357 830 3699 1754 1353 828 3685 1705 1318 806 3588 1734 1339 820 3646 1692 1308 799 3562 1710 1318 806 3593 1620 1254 763 3413 1867 1428 878 3902 1600 1242 755 3377 1679 1297 792 3532 1637 1269 774 3451 1682 1299 795 3536 1778 1366 837 3725 1707 1314 803 3581 1759 1347 823 3676 1603 1243 755 3380 1819 1394 855 3805 1754 1348 824 3676 1694 1305 797 3557 1771 1359 832 3708 1643 1269 774 3456 1773 1362 833 3715 1788 1370 840 3740 1640 1269 773 3452 1724 1322 808 3607 1597 1238 753 3367 1777 1360 833 3714 1728 1329 811 3622 1660 1284 782 3493 1699 1310 800 3567 1762 1352 828 3686 1698 1308 799 3564 1772 1358 832 3707 1605 1241 755 3376 1681 1291 786 3520 1665 1283 781 3495
2018-8-22 12:23:0 1545 1191 723 3239 1646 1260 767 3436 1544 1188 721 3236 1689 1289 784 3519 1654 1265 770 3452 1652 1266 771 3450 1686 1290 787 3519 1583 1217 738 3313 1733 1324 808 3614 1686 1291 787 3521 1570 1209 734 3290 1589 1222 742 3327 1636 1255 764 3421 1733 1323 808 3612 1664 1276 776 3478 1658 1272 774 3466 1671 1280 780 3491 1594 1228 746 3343 1590 1223 743 3331 1677 1285 781 3503 1741 1330 811 3631 1618 1241 754 3383 1520 1175 712 3195 1819 1381 845 3777 1843 1400 858 3829 1628 1252 761 3410 1686 1290 786 3520 1639 1259 765 3429 1656 1271 773 3463 1663 1276 777 3478 1717 1314 801 3583 1673 1283 781 3496 1712 1312 800 3575 1636 1259 765 3427 1703 1305 795 3558 1733 1325 808 3615 1696 1301 793 3545 1751 1341 817 3656 1662 1277 777 3478 1631 1252 763 3412 1671 1282 782 3494 1628 1253 761 3412 1586 1222 741 3325 1725 1320 803 3602 1705 1308 796 3565 1787 1365 833 3725 1701 1307 796 3559 1687 1295 789 3528 1652 1272 773 3462 1760 1346 820 3673 1581 1220 739 3319 1825 1388 848 3795 1567 1210 733 3290 1730 1329 809 3619 1617 1248 758 3394 1812 1384 845 3777 1653 1273 774 3465 1738 1330 811 3628 1697 1299 790 3543 1804 1377 840 3761
2018-8-22 12:24:0 1755 1353 821 3681 1769 1363 827 3709 1964 1497 913 4090 2057 1566 958 4279 1926 1477 900 4026 1851 1420 865 3870 2131 1617 989 4423 1774 1364 829 3715 1870 1435 873 3911 1718 1327 805 3608 2030 1547 945 4227 1957 1500 914 4089 2052 1566 957 4276 1837 1413 859 3847 1974 1511 923 4121 1809 1393 848 3791 1729 1338 811 3637 1736 1342 815 3648 1856 1428 869 3890 1785 1375 837 3742 2004 1535 938 4187 2015 1539 942 4201 2047 1566 958 4273 2032 1549 948 4232 1852 1426 868 3883 1877 1442 880 3929 1901 1460 891 3979 1911 1466 895 3996 1930 1486 907 4046 1967 1506 921 4107 2243 1696 1043 4647 1864 1434 873 3904 2143 1627 998 4450 1804 1395 848 3792 2044 1559 955 4257 2086 1591 975 4346 1820 1404 856 3819 1992 1525 933 4160 1865 1431 872 3901 1918 1474 897 4017 1909 1460 892 3984 1818 1404 855 3819 1949 1466 896 4067 1898 1456 889 3969 2072 1581 968 4317 1982 1519 928 4142 1998 1526 933 4167 1812 1398 850 3804 1830 1409 857 3838 1966 1502 917 4101 1957 1494 911 4079 1964 1503 918 4102 1991 1526 933 4162 1904 1466 893 3992 2092 1592 975 4351 1911 1469 894 4001 2171 1647 1011 4506 1726 1337 812 3633 1951 1496 912 4078 1833 1413 859 3846
2018-8-22 12:25:0 1169 916 561 2482 1197 936 575 2539 1212 946 581 2567 1254 978 602 2654 1195 934 575 2533 1230 959 590 2603 1151 902 554 2444 1244 967 596 2628 1102 867 532 2346 1136 891 547 2415 1186 926 570 2512 1159 907 558 2459 1172 916 563 2484 1164 910 559 2468 1180 922 566 2501 1140 893 549 2421 1215 947 583 2570 1123 883 542 2390 1216 948 583 2572 1169 914 562 2479 1216 948 584 2575 1169 915 562 2480 1200 937 577 2543 1157 908 558 2460 1194 935 574 2536 1232 962 591 2610 1317 1023 630 2781 1227 961 589 2606 1312 1022 628 2776 1260 985 604 2671 1347 1047 643 2845 1344 1047 643 2711 1402 1088 670 2959 1307 1023 627 2773 1335 1042 639 2828 1356 1058 649 2871 1418 1102 678 2995 1410 1096 674 2978 1282 1007 616 2727 1347 1050 644 2849 1340 1047 642 2840 1408 1096 674 2977 1394 1085 668 2947 1351 1055 648 2864 1345 1049 644 2848 1386 1075 661 2924 1266 991 607 2686 1257 983 603 2666 1331 1038 638 2818 1340 1044 643 2834 1310 1023 629 2775 1250 978 600 2651 1312 1022 628 2775 1248 977 599 2649 1333 1038 638 2819 1318 1028 632 2789 1320 1029 634 2793 1334 1040 640 2822 1253 981 603 2660 1301 1015 625 2755
2018-8-22 12:26:0 1154 904 560 2450 1104 868 537 2351 1103 867 536 2347 1115 874 541 2368 1043 823 509 2226 1099 862 534 2335 1029 812 503 2196 1055 830 514 2247 1045 823 510 2226 1042 820 508 2218 1005 794 492 2147 1000 791 490 2137 1044 820 509 2221 1041 818 507 2216 993 785 485 2121 1060 833 516 2255 1045 822 509 2226 1044 823 509 2226 1033 814 504 2203 1024 809 500 2188 1077 847 524 2293 1054 831 514 2247 1029 814 503 2199 1091 857 531 2322 1081 852 527 2306 1063 840 520 2271 1096 864 535 2338 1055 834 515 2254 1082 854 529 2311 1064 841 521 2274 1100 866 537 2344 1075 848 525 2294 1143 897 555 2431 1065 841 519 2274 1121 881 545 2386 1057 834 516 2256 1125 883 547 2393 1092 859 531 2326 1143 896 555 2429 1107 871 539 2358 1095 861 533 2331 1051 831 514 2246 1090 858 531 2322 1083 854 528 2310 1120 880 545 2382 1122 882 546 2388 1099 865 535 2342 1123 883 546 2390 1151 904 559 2448 1097 865 534 2340 1177 922 571 2498 1123 885 547 2394 1182 928 573 2513 1174 923 571 2500 1168 918 568 2486 1166 917 567 2482 1175 923 570 2499 1179 926 572 2508 1232 964 596 2614 1194 938 579 2540
2018-8-22 12:27:0 1002 787 488 2129 999 784 486 2123 1002 786 487 2127 1004 787 488 2132 980 771 478 2085 983 775 480 2095 1018 799 496 2164 1032 810 503 2193 1025 806 500 2182 1024 806 499 2180 1024 805 499 2178 1026 807 499 2183 1050 824 510 2231 1013 799 494 2159 1026 808 500 2185 1055 829 514 2243 1089 854 530 2313 1037 817 506 2210 1070 841 521 2275 1052 828 513 2240 1083 850 527 2302 1073 842 522 2280 1050 827 512 2237 1038 817 506 2211 1037 816 505 2207 1054 828 514 2241 1042 819 508 2217 1017 800 497 2165 1014 798 495 2159 994 784 486 2119 1009 795 493 2149 1006 792 492 2143 1028 807 501 2186 1001 788 488 2130 1015 797 495 2157 1014 797 495 2156 986 777 482 2101 1005 790 490 2137 993 781 484 2112 989 777 481 2102 984 773 479 2093 985 774 480 2095 1020 799 497 2164 981 772 479 2088 968 762 473 2061 1016 796 494 2155 997 782 484 2118 1008 790 490 2139 997 783 485 2118 1021 801 497 2168 1018 799 496 2163 1018 800 496 2164 1053 825 512 2235 1031 811 502 2194 1050 826 510 2234 1101 861 533 2334 1108 867 537 2351 1098 861 532 2331 1129 884 547 2396 1135 890 550 2410
2018-8-22 12:28:0 6229 5629 5454 12051 6263 5660 5484 12119 6302 5694 5516 12192 6404 5786 5604 12390 6460 5836 5652 12497 6593 5953 5763 12740 6667 6019 5826 12881 6740 6084 5889 13023 6917 6242 6040 13361 7015 6330 6124 13545 7111 6416 6207 13732 7268 6555 6339 14023 7313 6597 6378 14112 7326 6610 6391 14148 7303 6591 6373 14108 7266 6559 6342 14043 7153 6461 6249 13840 7088 6405 6195 13726 7018 6343 6137 13595 6999 6327 6122 13565 6995 6325 6119 13562 6998 6328 6122 13570 6986 6317 6112 13547 6926 6263 6060 13428 6882 6223 6022 13342 6827 6173 5974 13234 6704 6063 5869 12997 6641 6006 5815 12875 6510 5888 5703 12619 6425 5812 5630 12455 6336 5731 5553 12276 6135 5549 5380 11886 6019 5445 5280 11664 5917 5353 5192 11464 5754 5204 5049 11140 5687 5144 4992 11010 5597 5063 4915 10832 5559 5028 4882 10755 5521 4993 4848 10679 5445 4924 4782 10527 5414 4896 4756 10465 5365 4852 4714 10369 5341 4830 4693 10321 5319 4811 4675 10279 5289 4784 4650 10221 5271 4769 4635 10188 5257 4755 4609 10157 5235 4736 4606 10115 5236 4738 4608 10119 5214 4719 4591 10081 5200 4708 4580 10057 5180 4691 4563 10021 5156 4672 4545 9985 5156 4673 4546 9990 5160 4679 4554 10009 5156 4677 4552 10007 5160 4682 4557 10020 5151 4675 4550 10011 5157 4682 4557 10027 5217 4736 4609 10142
2018-8-22 12:29:0 2515 2320 2284 4953 2646 2440 2399 5218 2772 2553 2508 5464 2713 2500 2458 5347 2569 2370 2334 5065 2578 2380 2343 5096 2580 2382 2345 5101 2640 2435 2395 5212 2709 2496 2453 5344 2805 2580 2532 5520 2685 2475 2435 5290 2417 2234 2205 4766 2187 2026 2007 4322 2299 2126 2102 4537 2475 2286 2255 4879 2551 2362 2331 5031 2540 2351 2319 4996 2562 2371 2338 5041 2664 2464 2425 5255 2583 2389 2352 5092 2308 2140 2115 4550 2246 2083 2060 4433 2267 2100 2075 4470 2584 2382 2343 5072 2663 2451 2408 5219 2794 2573 2526 5481 2775 2555 2511 5445 2681 2472 2434 5269 2448 2264 2237 4824 2591 2398 2366 5110 2801 2590 2548 5524 2917 2694 2648 5747 2975 2751 2705 5881 2745 2542 2505 5427 2852 2639 2600 5641 2979 2757 2713 5898 3140 2900 2849 6193 3217 2972 2918 6356 3077 2847 2800 6085 3063 2833 2786 6052 3087 2855 2807 6105 3098 2866 2817 6128 3054 2826 2778 6037 2742 2537 2497 5385 2721 2518 2479 5335 2760 2554 2514 5407 2772 2566 2526 5420 2788 2581 2541 5455 2674 2477 2440 5228 2671 2473 2436 5224 2678 2478 2441 5245 2545 2356 2322 4984 2414 2235 2205 4710 2256 2090 1919 4384 1999 1851 1835 3858 2024 1873 1856 3907 2189 2021 1997 4242 2354 2169 2136 4572 3058 2793 2728 5906 4003 3626 3516 7693
2018-8-22 12:30:0 3936 3594 3511 7633 3927 3585 3503 7609 3958 3615 3531 7689 3959 3614 3531 7683 3948 3605 3522 7657 3975 3631 3548 7735 3954 3613 3529 7684 3953 3611 3528 7686 3944 3603 3520 7666 3939 3599 3516 7661 3955 3615 3531 7703 3957 3617 3533 7712 3974 3632 3548 7749 3965 3624 3539 7722 3951 3611 3526 7692 3924 3587 3503 7641 3916 3580 3496 7627 3909 3573 3489 7609 3910 3573 3489 7616 3927 3589 3505 7661 3926 3590 3506 7671 3906 3571 3488 7630 3924 3588 3504 7669 3926 3589 3505 7668 3918 3581 3498 7647 3905 3569 3486 7605 3894 3558 3475 7573 3887 3552 3469 7559 3877 3543 3459 7539 3876 3541 3458 7536 3870 3535 3451 7518 3873 3538 3455 7530 3876 3542 3458 7546 3901 3565 3481 7609 3912 3576 3491 7635 3851 3520 3438 7502 3730 3411 3332 7252 3636 3327 3252 7059 3834 3505 3424 7461 3797 3471 3391 7389 3825 3498 3417 7457 3896 3561 3478 7595 3959 3619 3533 7718 3902 3566 3482 7593 3882 3548 3464 7557 3897 3562 3478 7594 3887 3554 3470 7565 3877 3544 3461 7542 3888 3554 3470 7586 3898 3564 3480 7607 3899 3565 3481 7607 3871 3538 3455 7539 3854 3522 3439 7501 3888 3553 3469 7570 3963 3622 3536 7739 3976 3634 3547 7766 3977 3635 3549 7768 3967 3625 3539 7743 3955 3614 3527 7713 3939 3599 3512 7683
2018-8-22 12:31:0 4283 3894 3795 8198 4281 3893 3794 8197 4270 3882 3783 8168 4221 3836 3739 8070 4175 3795 3700 7974 4205 3822 3726 8026 4186 3805 3710 7989 4138 3760 3667 7891 4089 3716 3624 7792 4041 3673 3584 7704 4090 3718 3628 7808 4156 3778 3685 7948 4399 3997 3895 8440 4502 4091 3986 8626 4521 4107 4002 8639 4514 4099 3994 8644 4539 4121 4016 8691 4560 4139 4032 8729 4571 4149 4042 8753 4583 4159 4053 8780 4567 4143 4038 8728 4567 4143 4037 8725 4566 4142 4037 8723 4598 4173 4066 8792 4607 4180 4073 8815 4599 4172 4066 8804 4600 4173 4067 8807 4605 4177 4071 8815 4584 4157 4051 8765 4573 4146 4041 8737 4545 4123 4018 8672 4545 4124 4020 8670 4540 4117 4014 8645 4494 4076 3975 8549 4486 4069 3968 8529 4497 4077 3977 8524 4501 4081 3980 8522 4499 4077 3978 8506 4511 4089 3989 8531 4530 4105 4005 8567 4548 4121 4021 8586 4547 4120 4021 8581 4533 4108 4009 8547 4580 4149 4049 8633 4621 4186 4085 8726 4654 4217 4113 8819 4721 4275 4169 8910 4699 4255 4149 8845 4561 4126 4025 8551 4466 4041 3942 8368 4341 3929 3834 8144 4119 3732 3647 7727 3998 3626 3545 7487 3968 3601 3521 7457 4016 3645 3561 7563 4043 3669 3584 7619 4125 3740 3652 7777 4219 3825 3732 7960 4278 3878 3813 8069 4416 4002 3903 8338
2018-8-22 12:32:0 3888 3549 3464 7495 3872 3535 3450 7460 4025 3671 3581 7750 4073 3714 3623 7844 4091 3730 3638 7883 3994 3643 3554 7688 4117 3754 3661 7932 4230 3856 3759 8162 4204 3832 3735 8105 4225 3850 3753 8147 4299 3918 3819 8301 4351 3965 3864 8412 4385 3996 3893 8485 4373 3985 3882 8460 4338 3953 3851 8386 4270 3891 3791 8250 4245 3868 3769 8201 4216 3842 3744 8154 4266 3887 3786 8259 4315 3932 3830 8360 4392 4002 3898 8527 4405 4015 3910 8556 4386 3998 3892 8513 4393 4004 3898 8528 4391 4003 3897 8527 4380 3993 3887 8503 4383 3995 3889 8509 4378 3990 3884 8497 4367 3979 3874 8473 4337 3952 3847 8408 4268 3890 3787 8264 4195 3824 3724 8116 4106 3743 3646 7939 3927 3582 3490 7581 3898 3555 3463 7517 4085 3723 3625 7892 4183 3811 3710 8091 4201 3828 3726 8129 4203 3830 3729 8140 4284 3904 3800 8309 4410 4019 3911 8582 4410 4019 3911 8587 4374 3987 3880 8516 4350 3967 3863 8460 4359 3975 3872 8479 4382 3996 3892 8528 4382 3997 3892 8531 4363 3980 3876 8491 4353 3971 3868 8477 4338 3957 3855 8445 4336 3956 3854 8446 4358 3980 3878 8500 4389 4008 3905 8569 4451 4065 3960 8698 4450 4065 3961 8699 4431 4047 3943 8657 4379 4000 3898 8553 4360 3984 3883 8517 4367 3989 3887 8532 4359 3981 3879 8512
2018-8-22 12:33:0 6206 5504 5254 11591 6087 5394 5148 11315 6116 5417 5170 11371 6076 5380 5133 11294 5755 5091 4856 10633 5831 5158 4921 10784 6092 5392 5143 11287 6119 5416 5167 11328 6216 5502 5248 11527 6514 5769 5503 12115 6599 5843 5574 12272 6938 6152 5870 12935 7416 6583 6282 13858 7502 6658 6351 14007 7691 6823 6508 14325 7896 7004 6680 14720 8057 7147 6815 15019 8311 7369 7026 15475 8488 7527 7177 15819 8803 7806 7443 16416 8952 7938 7568 16701 8971 7956 7585 16747 8870 7864 7498 16526 8890 7884 7517 16576 8764 7772 7410 16354 8748 7759 7398 16330 8695 7712 7354 16252 8408 7457 7112 15689 8417 7466 7122 15732 8260 7325 6987 15429 8048 7136 6808 15021 8037 7127 6800 15024 7833 6945 6628 14618 7882 6990 6671 14710 7838 6949 6632 14631 7557 6697 6391 14063 7477 6624 6321 13902 7428 6582 6282 13840 7382 6541 6243 13756 7300 6467 6173 13588 7208 6384 6095 13403 7151 6332 6044 13293 7001 6198 5917 12994 6970 6172 5892 12933 6991 6192 5911 12983 6942 6150 5872 12906 6920 6134 5857 12860 7133 6328 6045 13315 7052 6255 5974 13142 7057 6261 5980 13154 7076 6280 5999 13202 7094 6297 6016 13241 7151 6351 6067 13371 7120 6322 6040 13331 7186 6384 6100 13475 7178 6379 6096 13456 7146 6353 6073 13387 7099 6313 6034 13293 6835 6065 5798 12763 6789 6026 5761 12664
2018-8-22 12:34:0 2897 2609 2514 5423 3191 2874 2768 6006 3229 2910 2806 6097 3302 2978 2870 6229 3258 2938 2832 6139 3103 2798 2699 5828 3169 2858 2756 5947 3236 2918 2813 6086 3492 3145 3026 6584 3400 3061 2946 6396 3367 3031 2917 6322 3418 3078 2966 6440 3276 2949 2842 6158 3368 3030 2917 6328 3431 3089 2975 6434 3541 3189 3071 6657 3725 3356 3232 7031 3757 3385 3260 7090 4030 3629 3493 7631 4207 3790 3646 7994 4417 3977 3825 8392 4526 4071 3913 8595 4813 4329 4161 9153 4821 4342 4175 9191 4528 4084 3930 8628 4389 3959 3812 8377 4350 3924 3778 8286 4317 3894 3750 8241 4363 3936 3790 8361 4390 3959 3811 8402 4383 3953 3805 8373 4219 3802 3660 8220 4085 3681 3543 7731 3951 3560 3427 7464 3724 3356 3230 7029 3565 3215 3096 6725 3177 2874 2773 5996 3541 3195 3077 6670 3812 3436 3306 7195 3825 3443 3311 7186 3821 3439 3307 7179 3675 3309 3183 6878 3895 3506 3372 7311 4213 3792 3646 7930 4445 4002 3847 8394 4486 4039 3882 8480 4371 3935 3783 8246 4482 4037 3880 8460 4534 4086 3929 8577 4208 3793 3649 7939 4214 3797 3651 7965 4079 3674 3534 7687 4253 3831 3684 8014 4381 3947 3794 8299 4186 3772 3626 7901 4207 3788 3641 7941 4192 3777 3631 7930 4443 4001 3843 8409 4391 3952 3795 8303 4384 3945 3789 8288
