METADATA
initial_wait: 1
measures: 60
period: 1
depth: 1.00
lat: 0.00
lon: 0.00
timestamp: 2106-2-6 6:28:16
sample_counter: 1
name: 14
maker: ICM-CSIC
curator: ICM-CSIC
email: 
sensors: TCS34725
description: KduinoSafata
place: lab ICM
units: counts, counts, counts, counts
DATA
DATE HOUR RED GREEN BLUE CLEAR
2018-8-22 11:50:0 5510 5116 5019 11109 5478 5087 4992 11048 5419 5034 4941 10935 5295 4921 4832 10695 5108 4752 4670 10331 4863 4532 4459 9864 4740 4420 4351 9623 4638 4326 4262 9421 4546 4242 4180 9242 4456 4159 4099 9059 4397 4103 4045 8932 4349 4060 4004 8841 4324 4037 3981 8790 4340 4055 3999 8828 4368 4080 4023 8884 4436 4142 4084 9023 4532 4230 4168 9215 4646 4337 4271 9451 4827 4505 4435 9816 4918 4589 4516 9998 5004 4668 4592 10169 5086 4742 4663 10326 5140 4791 4710 10431 5228 4871 4787 10601 5444 5065 4973 11017 5634 5235 5136 11383 5835 5416 5310 11765 6031 5592 5478 12137 6263 5797 5674 12565 6346 5863 5734 12684 6420 5922 5788 12787 6602 6081 5940 13125 6735 6201 6056 13385 6943 6384 6230 13793 7385 6774 6603 14628 10499 9514 9223 20364 11136 10070 9752 21520 11729 10586 10245 22599 11824 10672 10331 22790 11804 10663 10324 22783 12623 11377 11002 24262 12655 11408 11034 24334 13002 11708 11318 24951 12257 11053 10695 23585 12121 10929 10574 23318 11844 10684 10338 22801 11732 10583 10240 22588 11594 10468 10130 22352 11578 10460 10123 22342 11552 10442 10106 22311 11152 10096 9779 21606 11677 10551 10209 22539 11811 10656 10304 22733 10274 9319 9033 19954 10297 9327 9037 19955 10353 9363 9064 20009 9412 8544 8286 18309 8801 8008 7776 17192 7964 7278 7081 15672 7630 6980 6794 15044
2018-8-22 11:51:0 4251 3984 3932 8659 4358 4083 4029 8880 4444 4163 4106 9052 4495 4211 4153 9159 4512 4227 4168 9192 4504 4218 4158 9166 4470 4185 4127 9091 4436 4153 4095 9016 4395 4114 4056 8930 4360 4080 4024 8856 4343 4065 4009 8822 4359 4081 4025 8856 4365 4086 4030 8868 4377 4097 4041 8888 4392 4110 4054 8917 4392 4108 4051 8909 4398 4114 4056 8920 4383 4100 4043 8892 4353 4072 4016 8833 4304 4027 3972 8732 4254 3981 3928 8634 4178 3912 3862 8491 4149 3886 3837 8438 4124 3863 3814 8386 4139 3879 3829 8424 4152 3891 3841 8452 4176 3912 3861 8493 4183 3916 3865 8491 4171 3902 3851 8451 4142 3875 3824 8389 4098 3835 3785 8300 4068 3807 3758 8243 4046 3785 3737 8209 4023 3764 3717 8178 3992 3734 3688 8104 3943 3689 3643 7992 3911 3659 3613 7924 3891 3640 3595 7880 3880 3630 3586 7859 3869 3619 3575 7840 3856 3610 3569 7833 3831 3589 3549 7794 3827 3587 3548 7802 3821 3583 3545 7794 3807 3571 3534 7768 3791 3555 3517 7731 3789 3555 3519 7733 3782 3548 3513 7715 3775 3542 3507 7700 3774 3541 3506 7696 3760 3528 3493 7667 3747 3516 3482 7643 3735 3505 3472 7620 3713 3485 3452 7573 3703 3475 3442 7548 3692 3465 3432 7522 3688 3460 3426 7506 3675 3448 3415 7480 3649 3424 3391 7423 3615 3393 3361 7353
2018-8-22 11:52:0 3932 3648 3589 7874 4026 3730 3666 8047 3911 3631 3573 7839 4053 3758 3695 8110 4109 3810 3746 8223 4129 3831 3766 8269 4084 3792 3730 8190 4052 3764 3702 8128 4075 3785 3723 8172 4074 3783 3721 8167 4081 3788 3726 8177 4071 3780 3718 8160 4084 3794 3731 8191 4069 3781 3719 8165 4008 3723 3662 8042 3923 3644 3584 7876 3743 3478 3424 7513 3590 3336 3284 7222 3325 3090 3042 6688 3270 3038 2990 6572 3174 2950 2905 6384 3192 2967 2921 6420 3223 2995 2948 6485 3248 3018 2970 6534 3269 3036 2987 6572 3335 3096 3046 6700 3492 3241 3186 7010 3424 3179 3128 6878 3476 3229 3177 6994 3693 3425 3369 7405 3959 3669 3607 7923 4127 3830 3768 8276 4256 3950 3886 8538 4377 4059 3992 8772 4407 4086 4018 8828 4474 4145 4073 8949 4627 4278 4201 9218 4692 4327 4244 9294 4743 4367 4280 9362 4996 4598 4505 9864 5212 4797 4698 10300 5413 4976 4870 10685 5526 5077 4967 10904 5279 4854 4753 10421 5511 5062 4952 10872 5784 5314 5192 11427 6007 5522 5397 11883 5730 5274 5159 11360 5685 5230 5114 11262 5235 4828 4727 10411 4517 4175 4096 9009 4524 4184 4106 9025 5011 4634 4544 10008 5025 4648 4560 10030 4184 3884 3825 8370 4216 3918 3862 8428 4398 4087 4029 8770 4406 4098 4040 8771 4633 4307 4240 9229 5043 4683 4603 10053
2018-8-22 11:53:0 1472 1367 1381 2802 1502 1397 1411 2876 1661 1555 1573 3248 1610 1508 1526 3151 1614 1514 1532 3174 1593 1495 1513 3139 1658 1555 1572 3269 1715 1608 1624 3390 1713 1606 1622 3382 1772 1661 1677 3491 2134 2007 2023 4219 7552 6913 6746 14776 7559 6922 6762 14789 7964 7309 7138 15623 8716 7969 7772 16972 8643 7901 7703 16809 8062 7376 7191 15669 6754 6227 6070 13181 7448 6834 6664 14511 5323 4962 4865 10443 6697 6173 6027 13121 7416 6823 6671 14579 7240 6667 6520 14259 6872 6325 6185 13500 5963 5510 5380 11726 6496 5984 5847 12778 5388 5015 4905 10640 3196 3016 3007 6386 2779 2620 2625 5558 2754 2596 2602 5513 2514 2368 2378 5035 2303 2167 2179 4603 2116 1987 1998 4215 2034 1903 1913 4024 1944 1818 1828 3840 1877 1755 1767 3711 1833 1712 1723 3616 1810 1690 1699 3562 1804 1684 1694 3546 1831 1707 1717 3599 1849 1724 1733 3633 1869 1741 1750 3670 1877 1748 1757 3685 1865 1737 1746 3659 1856 1730 1738 3644 1895 1763 1772 3702 1900 1768 1776 3712 1899 1767 1776 3713 1902 1770 1779 3719 1895 1768 1777 3731 1904 1780 1791 3770 1917 1795 1806 3805 1906 1785 1796 3782 1888 1766 1776 3738 1917 1789 1795 3772 1954 1825 1833 3857 1989 1860 1866 3941 1904 1780 1789 3764 1723 1610 1621 3384 1626 1517 1528 3175
2018-8-22 11:54:0 2519 2369 2371 5057 2709 2544 2542 5434 3355 3130 3105 6687 4209 3909 3854 8388 4173 3874 3819 8309 4116 3822 3769 8196 4218 3912 3856 8388 4608 4267 4197 9156 4812 4454 4377 9561 4896 4533 4455 9741 4904 4544 4467 9770 4867 4510 4434 9697 4659 4324 4255 9290 4545 4225 4162 9066 4553 4233 4170 9069 4535 4214 4152 9011 4593 4265 4200 9124 4582 4257 4192 9116 4376 4069 4009 8702 4740 4409 4339 9436 4622 4304 4240 9204 4779 4446 4378 9519 4638 4294 4225 9233 4386 4029 3962 8644 4577 4257 4191 9089 4332 4035 3976 8633 4138 3856 3804 8232 4215 3931 3879 8424 4157 3878 3830 8288 4167 3886 3837 8308 4151 3873 3825 8273 4155 3876 3828 8295 4179 3898 3849 8341 4163 3883 3836 8312 4166 3884 3835 8314 3974 3707 3664 7934 4026 3755 3710 8052 4234 3941 3890 8428 4255 3959 3906 8460 4150 3864 3815 8254 4069 3788 3740 8092 4250 3951 3897 8439 4366 4053 3994 8660 4462 4141 4079 8856 4513 4191 4126 8984 4668 4328 4259 9271 4846 4490 4416 9628 4792 4447 4377 9542 4680 4347 4281 9336 4602 4276 4215 9183 4559 4241 4183 9122 4585 4264 4206 9174 4591 4271 4214 9195 4585 4261 4205 9164 4668 4411 4348 9321 4716 4381 4320 9429 4427 4123 4073 8888 4119 3840 3798 8268 4045 3770 3730 8116 4333 4034 3984 8686
2018-8-22 11:55:0 3920 3687 3656 8046 3937 3703 3672 8082 3899 3666 3635 8004 3770 3544 3516 7727 3820 3588 3557 7820 3986 3741 3706 8156 4023 3776 3739 8232 4060 3809 3771 8305 4120 3865 3826 8381 4148 3892 3851 8486 4164 3907 3866 8522 4173 3916 3874 8541 4181 3923 3882 8558 4192 3933 3890 8576 4202 3941 3898 8591 4228 3965 3921 8647 4249 3984 3940 8690 4266 3999 3954 8722 4281 4013 3967 8749 4299 4029 3982 8785 4309 4038 3990 8804 4320 4045 3997 8811 4380 4100 4050 8928 4406 4121 4069 8966 4439 4151 4098 9032 4530 4234 4178 9210 4630 4326 4266 9409 4705 4395 4333 9562 4744 4430 4368 9636 4759 4441 4377 9653 4740 4424 4361 9613 4700 4388 4326 9539 4675 4365 4304 9491 4672 4362 4300 9482 4651 4342 4280 9440 4646 4338 4276 9435 4629 4322 4260 9400 4643 4334 4272 9422 4646 4337 4275 9430 4647 4338 4277 9434 4652 4343 4281 9444 4648 4340 4279 9441 4632 4327 4267 9418 4595 4294 4235 9348 4540 4241 4184 9226 4538 4239 4182 9222 4563 4264 4207 9272 4589 4285 4228 9308 4573 4267 4210 9271 4566 4257 4198 9246 4469 4160 4100 9020 4465 4157 4096 9017 4423 4120 4061 8933 4355 4057 4000 8795 4297 4002 3945 8671 4254 3961 3904 8577 4234 3940 3883 8529 4239 3947 3892 8551 4278 3993 3941 8669 4336 4053 4003 8811
2018-8-22 11:56:0 6239 5757 5612 12517 5927 5477 5343 11920 5720 5290 5163 11523 5603 5185 5062 11298 5590 5174 5051 11276 5756 5325 5198 11602 5962 5512 5378 12003 5936 5488 5354 11956 6212 5734 5587 12477 4800 4396 4170 10232 3723 3390 3143 8145 4837 4368 4068 10389 4853 4412 4136 10417 5219 4745 4470 11125 5208 4744 4483 11061 4655 4151 3736 10154 3148 2773 2351 6985 3344 2864 2329 7316 2827 2393 1863 6179 2365 1988 1487 5172 2218 1857 1360 4851 2396 1996 1458 5218 2422 1929 1399 5271 2342 1938 1401 5082 2270 1873 1336 4922 1912 1559 1080 4122 1796 1467 1001 3881 1473 1203 810 3187 1485 1205 807 3200 1436 1166 775 3099 1388 1125 740 2991 1424 1157 764 3073 1423 1149 756 3061 1492 1202 786 3204 1369 1106 720 2946 1357 1094 711 2918 1322 1069 694 2849 1304 1054 685 2810 1314 1061 690 2829 1287 1038 668 2770 1312 1051 672 2811 1371 1094 700 2931 1402 1129 728 3012 1501 1206 784 3220 1490 1192 766 3188 1434 1148 734 3071 1492 1204 783 3209 1506 1218 800 3244 1384 1118 727 2980 1387 1121 731 2989 1355 1102 729 2930 1459 1196 805 3171 1230 1004 660 2669 1193 968 628 2582 1088 881 564 2353 1068 863 551 2307 1006 815 519 2178 962 782 498 2087 938 762 486 2036 892 730 469 1945
2018-8-22 11:57:0 4772 4458 4399 9703 4667 4366 4311 9507 4473 4188 4140 9103 4528 4238 4189 9216 4669 4369 4314 9508 4747 4442 4385 9667 4553 4264 4214 9228 4469 4182 4134 9013 5058 4668 4599 10151 4679 4367 4309 9378 4723 4407 4349 9493 4772 4454 4394 9630 4728 4420 4363 9599 4595 4300 4248 9351 4770 4456 4398 9679 4751 4440 4383 9649 4696 4396 4342 9577 4480 4201 4154 9163 4602 4310 4259 9391 4663 4363 4310 9502 4607 4312 4261 9396 4645 4344 4292 9455 4468 4185 4140 9109 4321 4058 4018 8852 4253 3996 3959 8713 4351 4087 4046 8905 4305 4047 4008 8819 4427 4156 4112 9062 4471 4194 4147 9135 4555 4269 4219 9289 4671 4374 4321 9524 4596 4304 4254 9370 4496 4214 4166 9173 4502 4220 4174 9201 4370 4100 4057 8937 4463 4183 4137 9104 4582 4292 4242 9350 4537 4250 4203 9253 4455 4175 4130 9082 4482 4204 4160 9165 4523 4239 4193 9232 4587 4296 4246 9344 4723 4422 4368 9625 4758 4452 4396 9685 4979 4649 4585 10101 4927 4603 4540 10008 4869 4552 4492 9899 5028 4694 4629 10197 5252 4900 4827 10646 5418 5048 4971 10960 5650 5256 5168 11395 5603 5217 5131 11317 5617 5233 5148 11370 5657 5269 5182 11445 5661 5270 5184 11452 5659 5269 5185 11455 5545 5165 5085 11228 5383 5019 4941 10914 5555 5179 5094 11269 5627 5244 5157 11402
2018-8-22 11:58:0 4513 4222 4160 9230 4428 4135 4068 9034 4647 4331 4254 9451 4713 4390 4311 9578 4698 4374 4292 9532 4792 4454 4367 9707 4677 4345 4257 9467 4624 4293 4201 9349 4591 4264 4171 9285 4537 4216 4130 9190 4673 4343 4249 9453 4814 4475 4379 9732 5178 4798 4685 10440 5483 5076 4956 11042 5675 5255 5130 11428 5429 5036 4920 10953 5648 5228 5104 11376 6165 5705 5567 12416 4565 4170 3934 9888 4793 4310 3967 10435 4424 4016 3727 9638 4685 4266 4004 10112 3554 3252 3017 7822 3865 3501 3222 8515 3622 3308 3065 7996 3520 3219 2991 7523 3430 3138 2912 7603 3348 3071 2862 7406 3420 3134 2924 7539 3192 2917 2693 7087 3322 3025 2781 7372 3569 3251 3008 7869 3630 3306 3070 7964 3723 3380 3126 8163 3527 3201 2935 7817 3110 2808 2525 6934 2989 2695 2410 6686 3097 2812 2554 6910 3178 2898 2668 7056 3292 3001 2766 7305 3229 2941 2704 7170 3377 3042 2742 7515 3534 3174 2845 7844 3423 3084 2782 7599 3809 3422 3094 8411 3801 3424 3106 8388 3689 3318 2995 8155 3796 3416 3084 8390 3624 3254 2934 8002 4102 3688 3364 8981 4221 3815 3506 9237 4079 3681 3372 8942 4156 3735 3397 9118 4331 3882 3516 9496 4526 4059 3687 9892 5232 4690 4307 11298 6352 5741 5406 13373 8175 7466 7213 16368 8328 7611 7381 16445 8187 7480 7255 16122
2018-8-22 11:59:0 1738 1391 905 3729 1504 1215 785 3249 1459 1179 758 3152 1518 1219 781 3266 1611 1277 811 3437 1590 1266 805 3403 1512 1204 758 3236 1511 1192 737 3216 1250 993 605 2675 1506 1199 750 3225 1733 1377 885 3703 1881 1512 998 4048 2109 1693 1115 4529 1138 920 576 2464 1168 946 595 2532 1327 1079 692 2881 1736 1397 908 3739 1464 1188 771 3172 1428 1149 735 3077 1476 1183 748 3173 1473 1175 740 3157 1560 1242 787 3337 1808 1451 947 3882 2421 1923 1281 5154 1692 1363 891 3643 2107 1670 1086 4487 1755 1404 905 3764 1600 1289 830 3447 1697 1365 882 3651 1695 1366 887 3652 1562 1263 819 3373 1665 1339 867 3583 1588 1280 826 3423 1610 1294 836 3464 1577 1272 823 3401 1635 1316 859 3521 1657 1330 869 3561 1590 1277 831 3419 1472 1189 768 3179 1471 1189 770 3179 1353 1103 717 2940 1352 1104 719 2941 1368 1112 723 2969 1331 1070 680 2869 1285 1034 654 2772 1166 944 599 2525 1154 937 596 2504 1212 983 627 2627 1247 1004 640 2691 1215 977 620 2619 1086 884 559 2361 1094 889 564 2375 1195 965 617 2584 1177 952 610 2548 1080 878 559 2346 1011 824 522 2200 1020 828 525 2215 1077 871 555 2332 981 800 511 2137 918 753 481 2007
2018-8-22 12:0:0 954 781 500 2084 997 815 522 2175 1054 856 549 2289 983 801 512 2140 955 779 496 2080 1006 819 524 2189 967 790 506 2110 923 757 485 2018 914 749 480 1998 947 772 494 2063 913 746 477 1991 922 752 482 2010 923 755 485 2015 938 766 493 2045 933 762 489 2035 911 744 476 1986 898 736 470 1962 931 762 488 2033 938 769 494 2049 997 812 523 2170 940 768 491 2049 946 770 491 2058 930 760 485 2028 929 762 487 2031 989 807 518 2155 979 799 512 2133 912 746 476 1991 940 767 489 2049 968 787 501 2103 979 796 509 2129 994 809 518 2161 1004 817 522 2182 1039 841 536 2251 1062 859 546 2300 1066 862 569 2308 1057 860 548 2296 1054 859 549 2292 1113 905 581 2417 1036 841 532 2248 1142 922 586 2470 1123 910 580 2434 1110 905 580 2415 1183 961 616 2567 1205 970 619 2601 1092 882 556 2362 1128 912 579 2440 1175 957 616 2555 1356 1102 722 2941 1463 1185 779 3166 1315 1069 696 2853 1322 1074 698 2869 1272 1037 671 2766 1320 1069 688 2858 1235 1001 639 2677 1288 1037 661 2779 1214 977 620 2620 1279 1024 648 2750 1262 1013 640 2718 1224 987 625 2644 1241 1000 635 2680
2018-8-22 12:1:0 724 593 380 1583 732 598 382 1597 729 596 381 1592 743 607 389 1622 743 608 390 1623 746 610 391 1628 747 610 390 1630 757 618 396 1652 761 621 398 1660 763 623 399 1664 762 623 399 1665 770 629 402 1680 776 634 405 1694 794 648 414 1732 817 667 426 1782 827 675 431 1804 859 699 447 1871 859 700 446 1872 894 727 464 1946 906 738 471 1974 930 757 483 2025 952 774 494 2071 959 780 496 2086 954 778 495 2079 969 790 502 2111 987 804 511 2150 1058 857 545 2295 1106 894 568 2396 1147 925 588 2481 1085 881 558 2358 1120 905 575 2424 1143 921 587 2470 1137 917 584 2459 1089 881 559 2358 1075 872 553 2333 1098 890 565 2382 1101 893 566 2389 1134 918 583 2457 1068 869 551 2322 1096 888 563 2377 1135 915 581 2452 1105 896 569 2398 1101 893 567 2389 1115 903 573 2418 1185 954 606 2560 1195 961 610 2579 1189 958 607 2568 1162 939 596 2516 1195 964 612 2583 1171 945 599 2533 1125 910 576 2436 1114 900 571 2411 1046 848 539 2269 1026 831 529 2225 998 808 515 2165 969 787 501 2105 958 779 495 2083 950 773 491 2068 985 800 510 2140 1008 818 521 2189
2018-8-22 12:2:0 950 773 493 2067 921 752 480 2010 902 737 470 1968 883 721 460 1926 855 698 445 1866 842 688 438 1838 824 675 431 1801 814 667 427 1780 802 657 420 1754 788 645 412 1722 788 645 411 1721 797 652 417 1740 799 654 419 1746 785 642 412 1714 776 636 407 1697 767 627 401 1675 771 630 403 1684 763 625 401 1667 761 624 401 1666 749 614 394 1639 743 608 390 1624 741 606 388 1619 749 613 393 1636 732 601 386 1604 739 607 390 1619 732 604 387 1604 731 600 384 1600 737 605 388 1615 742 610 392 1627 749 615 395 1640 754 618 397 1650 750 615 394 1642 747 613 393 1636 750 616 395 1643 748 615 395 1640 737 606 389 1617 735 604 387 1612 738 606 388 1618 750 617 396 1645 754 620 399 1654 747 615 394 1639 741 609 390 1626 736 606 388 1616 738 607 390 1620 751 617 397 1647 740 609 391 1625 744 612 392 1632 741 610 390 1627 746 613 393 1637 755 621 398 1656 747 615 395 1640 760 625 401 1667 757 621 398 1658 758 622 398 1660 755 621 398 1656 767 631 405 1683 773 636 408 1696 778 639 410 1706 788 646 413 1726 795 652 416 1741
2018-8-22 12:3:0 674 556 357 1483 674 556 356 1482 673 554 355 1482 676 557 357 1486 676 557 357 1486 679 559 359 1492 669 551 353 1470 669 551 352 1469 670 551 353 1471 671 553 354 1475 672 554 355 1477 664 548 351 1460 669 550 352 1468 663 546 349 1456 671 552 354 1472 676 556 357 1484 682 561 360 1497 678 558 358 1489 682 561 359 1497 680 560 358 1493 674 555 355 1480 681 560 359 1495 676 557 357 1478 683 562 360 1499 673 554 355 1478 676 557 356 1486 679 559 358 1492 680 560 359 1494 683 563 361 1502 680 560 359 1495 680 560 358 1493 679 559 358 1492 678 559 358 1490 676 558 358 1486 675 556 356 1484 667 550 352 1467 674 555 355 1481 675 557 357 1485 681 562 360 1498 681 561 360 1496 678 558 358 1489 676 557 357 1485 672 554 356 1478 671 553 355 1475 665 548 352 1462 670 551 354 1471 665 548 351 1462 665 548 351 1461 665 547 351 1460 669 551 353 1469 664 546 351 1458 662 544 349 1452 665 546 350 1458 664 546 350 1457 661 544 349 1451 666 547 351 1461 661 544 348 1451 669 550 352 1469 666 549 352 1463 679 559 358 1490
2018-8-22 12:4:0 533 437 282 1166 524 430 277 1146 516 424 273 1130 506 415 268 1107 496 407 263 1085 487 400 258 1065 470 386 249 1029 463 381 246 1014 454 373 241 993 438 360 233 959 430 354 228 941 417 343 222 913 404 333 215 885 391 322 208 857 380 314 202 833 365 302 195 801 352 291 188 772 344 285 184 756 335 277 179 735 325 269 173 713 315 261 168 692 305 253 163 670 294 244 157 646 285 237 152 626 275 229 147 605 262 218 140 575 254 212 136 559 245 203 131 537 237 197 127 521 227 189 121 498 221 184 118 485 212 177 113 466 206 172 110 453 199 166 106 436 191 159 102 419 186 154 99 406 179 149 95 392 174 144 92 379 171 142 91 373 167 138 89 364 163 136 87 356 160 133 85 349 157 130 83 342 156 129 82 338 152 126 80 331 150 124 79 326 148 123 78 322 146 120 77 316 145 120 76 314 143 118 75 309 141 116 74 305 139 115 73 301 137 113 72 296 137 112 72 295 136 112 71 293 135 111 71 291 134 110 70 289 133 109 70 286 132 108 69 284 131 107 68 281
2018-8-22 12:5:0 267 217 138 575 263 214 136 568 264 215 136 569 268 218 138 577 269 219 139 580 269 219 138 579 270 220 139 582 270 220 139 582 274 223 141 590 274 223 141 591 273 222 140 589 274 223 141 591 275 224 141 592 278 226 143 599 284 231 146 611 284 231 146 611 285 232 146 614 287 233 147 618 293 238 150 631 292 237 149 628 290 236 148 625 294 239 151 634 295 240 151 635 297 241 152 640 301 244 154 648 298 242 153 643 303 246 155 653 308 250 158 664 310 251 158 667 314 254 160 676 319 258 162 685 317 256 161 681 320 259 163 689 321 260 163 690 321 260 163 690 322 261 164 692 324 262 165 697 332 269 169 714 330 267 168 710 332 269 169 714 330 267 167 709 333 270 169 716 336 272 170 722 335 271 170 720 340 275 173 732 341 276 173 734 340 276 173 732 338 274 172 729 347 281 176 747 352 285 179 757 348 281 176 748 350 283 178 754 353 285 179 758 359 290 182 772 358 290 182 771 359 291 183 774 368 298 187 793 371 300 188 798 375 303 190 807 377 305 191 812
2018-8-22 12:6:0 630 517 327 1379 646 528 335 1411 660 513 324 1440 635 520 329 1389 647 529 335 1413 641 524 331 1401 637 522 330 1395 656 536 339 1433 679 552 350 1478 661 540 342 1443 653 534 338 1427 646 529 335 1414 651 532 337 1423 648 530 336 1417 650 532 337 1421 652 533 337 1424 635 520 329 1389 648 530 336 1416 648 530 336 1416 655 535 339 1430 644 527 333 1407 662 541 343 1445 675 550 349 1472 642 526 333 1406 660 539 341 1442 655 536 339 1431 666 544 344 1454 648 531 335 1417 643 527 333 1408 659 539 341 1441 652 533 337 1425 652 533 337 1425 661 541 342 1445 683 558 353 1491 697 568 359 1520 673 551 347 1471 724 588 372 1490 722 587 372 1572 720 586 370 1568 708 577 364 1543 711 580 366 1550 727 591 374 1583 721 587 371 1571 721 587 371 1569 732 595 376 1593 739 600 379 1605 721 587 371 1571 713 582 367 1555 759 616 390 1650 764 621 392 1661 716 585 369 1564 693 568 358 1516 724 591 373 1579 742 605 382 1617 767 623 394 1668 750 612 386 1635 749 611 386 1634 767 624 394 1670 788 640 404 1713 793 641 405 1718
2018-8-22 12:7:0 631 519 330 1387 614 507 321 1351 623 514 326 1372 634 522 331 1394 617 510 323 1360 615 508 321 1355 632 522 330 1392 619 513 324 1366 635 524 331 1397 646 532 346 1421 639 528 334 1408 639 528 334 1407 658 542 343 1447 704 577 366 1543 656 542 342 1444 705 577 367 1543 677 557 353 1487 668 551 348 1469 665 548 347 1462 699 573 364 1532 684 562 356 1500 680 559 354 1492 685 563 357 1504 688 564 357 1507 679 558 354 1490 707 579 367 1548 660 545 345 1452 660 544 345 1453 701 574 364 1535 699 572 363 1530 696 571 362 1525 700 575 364 1536 696 571 362 1527 699 573 363 1532 682 561 355 1498 683 562 356 1500 687 565 358 1508 693 570 361 1521 697 572 362 1527 688 566 358 1510 722 591 375 1580 693 569 360 1520 726 594 377 1588 695 571 361 1525 710 583 370 1558 736 603 382 1611 784 640 406 1712 735 603 382 1611 763 624 395 1669 744 611 386 1631 752 617 390 1647 784 639 404 1710 732 601 380 1604 737 604 382 1614 775 632 400 1691 734 601 381 1606 790 643 408 1722 758 619 393 1656 761 621 393 1661 729 598 378 1598
2018-8-22 12:8:0 740 593 372 1589 713 572 358 1532 739 591 372 1586 742 593 373 1591 675 543 339 1452 677 544 340 1456 725 579 364 1552 738 586 369 1576 679 542 340 1455 721 575 362 1543 729 581 366 1559 727 580 365 1556 735 585 368 1570 750 597 375 1602 756 601 377 1614 827 653 411 1757 768 610 382 1638 734 585 366 1569 747 595 373 1595 749 595 373 1597 766 606 381 1629 692 553 346 1482 730 579 363 1556 795 627 395 1688 779 615 386 1654 738 586 367 1573 673 538 335 1440 788 623 391 1675 772 612 384 1643 808 640 401 1718 925 725 456 1954 888 696 436 1875 877 690 432 1856 863 681 425 1828 852 673 419 1806 963 755 474 2032 1004 784 492 2114 952 746 468 2009 921 722 452 1943 964 753 472 2030 940 736 460 1981 981 767 480 2065 1046 811 509 2190 1002 779 489 2101 896 701 438 1887 854 671 419 1804 830 653 479 1753 922 717 450 1935 931 723 454 1951 883 691 432 1860 917 712 446 1922 896 699 438 1884 852 667 417 1795 818 642 401 1725 785 616 385 1656 734 578 360 1551 770 603 377 1623 762 597 373 1606 780 609 383 1641 672 531 331 1425
2018-8-22 12:9:0 686 548 345 1468 693 554 349 1484 762 604 382 1623 759 601 380 1615 827 651 413 1754 807 639 403 1718 754 600 378 1610 755 601 379 1612 715 571 360 1530 723 576 364 1547 683 546 345 1465 680 544 344 1459 699 558 352 1498 679 544 343 1457 615 498 313 1329 642 517 326 1384 686 550 347 1475 722 575 364 1546 674 541 342 1450 634 513 323 1372 707 568 358 1521 713 573 362 1535 721 579 366 1552 732 588 372 1576 744 598 378 1603 723 583 368 1562 723 584 369 1562 786 631 399 1691 833 667 422 1790 832 666 422 1787 824 663 418 1776 915 730 461 1960 1005 797 505 2144 1000 796 502 2139 1115 884 558 2378 1157 915 578 2463 1205 954 602 2568 1279 1010 637 2719 1278 1010 636 2717 1409 1112 701 2994 1396 1104 695 2970 1428 1129 710 3037 1420 1122 705 3020 1316 1046 656 2809 1331 1057 664 2839 1383 1097 691 2948 1421 1122 708 3021 1361 1076 679 2896 1423 1120 707 3019 1532 1201 761 3243 1497 1176 744 3172 1362 1081 680 2906 1280 1018 640 2734 1377 1091 689 2936 1335 1058 668 2846 1462 1149 729 3101 1296 1028 648 2764 1264 1007 634 2705 1468 1158 733 3121 1447 1140 721 3073
2018-8-22 12:10:0 1202 968 611 2595 1226 986 623 2644 1251 1003 635 2692 1179 949 599 2545 1162 934 590 2506 1152 928 586 2488 1180 949 600 2545 1128 912 576 2443 1157 931 589 2497 1086 879 556 2353 1108 895 567 2398 1109 895 568 2399 1127 908 576 2435 1053 854 540 2286 1063 861 545 2306 1083 877 556 2348 1147 923 587 2477 1063 861 546 2306 1135 913 581 2451 1161 932 594 2503 1079 874 554 2341 1077 871 552 2334 1040 843 534 2257 987 804 508 2149 1119 899 572 2415 1080 872 554 2339 1158 931 593 2499 1084 876 555 2349 1114 899 569 2410 1099 889 563 2381 1143 920 583 2469 1066 864 546 2314 1109 897 568 2404 1067 864 547 2315 1017 827 523 2211 1065 862 546 2309 1112 831 525 2404 1037 843 533 2255 1081 875 555 2344 1145 922 586 2475 1075 870 551 2331 1023 833 527 2227 1041 846 535 2263 1088 882 558 2361 1130 913 579 2446 1138 920 582 2465 1159 934 591 2504 1221 977 620 2627 1247 998 633 2681 1254 1004 638 2698 1134 915 579 2452 1158 933 589 2501 1252 1002 633 2691 1353 1079 681 2900 1458 1157 732 3114 1488 1180 745 3176 1459 1160 731 3120 1434 1142 719 3069 1584 1251 791 3371 1607 1269 802 3421
2018-8-22 12:11:0 1113 900 569 2412 1107 895 566 2399 1105 892 566 2392 1097 887 562 2377 1151 927 588 2487 1205 965 613 2594 1246 998 634 2682 1172 944 598 2532 1167 944 596 2527 1284 1031 652 2767 1279 1027 650 2756 1214 979 618 2623 1205 970 613 2602 1252 999 634 2685 1158 935 590 2504 1330 1060 673 2852 1299 1036 658 2786 1283 1025 650 2754 1305 1041 660 2800 1302 1041 660 2797 1314 1052 666 2825 1352 1079 684 2901 1347 1076 682 2891 1313 1051 665 2822 1200 967 611 2591 1250 1003 636 2692 1334 1063 675 2860 1299 1039 660 2792 1148 928 587 2486 1208 972 616 2607 1254 1003 636 2695 1089 884 558 2365 1154 931 589 2497 1219 983 622 2635 1185 957 607 2564 1073 873 550 2334 1180 949 602 2547 1243 994 632 2673 1318 1046 668 2820 1135 914 581 2453 1097 886 562 2375 1089 882 559 2361 1102 889 564 2385 1207 964 613 2593 1199 960 610 2580 1161 935 593 2509 1237 989 629 2660 1111 897 568 2405 1083 877 555 2349 1071 868 549 2325 1104 892 567 2390 1149 926 589 2485 1012 824 521 2203 1035 841 532 2250 1118 901 572 2418 1013 825 522 2205 1070 870 550 2326 1239 995 631 2537 1265 1014 643 2724 1181 952 603 2552
2018-8-22 12:12:0 1342 1074 680 2887 1302 1046 661 2807 1327 1065 673 2859 1426 1139 720 3061 1463 1164 738 3133 1327 1063 671 2855 1417 1126 714 3031 1375 1093 694 2942 1326 1057 671 2843 1227 987 625 2646 1295 1035 658 2782 1230 990 626 2655 1259 1011 639 2713 1304 1047 660 2809 1377 1099 694 2953 1394 1115 705 2993 1355 1086 685 2914 1468 1167 739 3140 1444 1152 728 3096 1518 1203 760 3239 1465 1162 734 3129 1362 1089 686 2925 1364 1088 688 2925 1380 1097 697 2953 1355 1080 685 2905 1440 1139 724 3071 1354 1079 683 2902 1273 1020 643 2738 1327 1060 668 2848 1422 1131 715 3043 1474 1167 740 3146 1459 1159 737 3121 1295 1040 658 2789 1193 964 608 2581 1246 1003 633 2689 1344 1074 679 2887 1478 1167 742 3149 1199 967 608 2592 1325 1060 669 2847 1436 1142 723 3074 1302 1046 660 2806 1322 1060 671 2846 1286 1033 653 2772 1315 1054 667 2831 1322 1056 668 2839 1233 992 626 2662 1202 968 610 2597 1158 935 590 2505 1143 923 584 2473 1257 1004 639 2701 1287 1027 654 2764 1272 1018 646 2736 1249 1033 652 2691 1224 988 622 2646 1303 1046 659 2807 1361 1086 687 2922 1332 1063 674 2859 1225 986 624 2644 1279 1026 650 2754 1338 1069 678 2873
2018-8-22 12:13:0 986 801 506 2145 908 745 469 1988 1040 842 534 2257 1090 879 560 2359 941 769 488 2055 897 735 465 1963 934 762 483 2037 948 771 489 2065 911 744 470 1989 930 756 479 2024 930 757 480 2026 1018 823 465 2206 971 790 501 2113 1029 829 526 2225 1089 871 552 2343 1084 870 550 2338 1000 811 511 2172 1088 878 555 2354 1141 920 583 2467 1186 952 604 2556 1065 862 544 2310 1060 856 541 2296 1061 858 542 2299 1151 922 584 2479 1112 895 565 2401 1076 872 550 2335 1249 1000 634 2686 1313 1050 666 2823 1371 1093 693 2941 1413 1123 712 3024 1258 1007 635 2706 1255 1000 631 2692 1206 965 609 2593 1144 922 581 2472 1121 905 571 2425 1310 1043 663 2807 1364 1081 687 2913 1262 1011 638 2716 1278 1024 645 2750 1351 1077 679 2898 1214 979 614 2623 1280 1027 647 2756 1300 1041 657 2796 1358 1083 685 2912 1311 1050 663 2820 1296 1034 654 2781 1249 997 630 2682 1141 918 578 2463 1110 896 564 2402 1123 907 570 2430 1328 1057 670 2845 1137 919 580 2463 1152 931 588 2496 1044 851 537 2275 1050 851 538 2280 988 803 507 2150 936 759 481 2035 872 710 450 1902 823 672 427 1799 775 635 404 1697
2018-8-22 12:14:0 1044 846 539 2269 1051 851 543 2282 958 783 496 2093 925 756 478 2023 948 771 488 2065 966 784 497 2102 918 751 475 2007 870 717 454 1912 930 759 482 2030 943 770 490 2060 944 767 487 2055 927 754 478 2020 855 701 444 1873 859 704 447 1882 855 703 447 1877 851 700 445 1869 786 650 412 1732 823 676 429 1807 848 694 440 1856 895 730 463 1955 926 754 479 2020 906 740 470 1981 936 764 486 2045 955 780 494 2085 960 780 492 2089 944 768 484 2057 989 801 506 2149 1053 851 540 2283 1055 852 542 2287 978 799 507 2136 988 805 511 2154 982 799 506 2139 1004 815 514 2184 1061 856 541 2299 1016 825 520 2211 1056 857 545 2297 1001 817 521 2186 897 736 468 1967 857 703 447 1880 819 673 427 1800 766 631 399 1687 723 600 380 1600 743 614 391 1639 742 613 392 1637 703 584 373 1558 696 579 370 1544 658 549 349 1462 631 529 335 1407 723 596 379 1593 734 607 385 1620 766 633 403 1690 749 622 395 1659 757 628 399 1675 801 660 419 1762 832 683 435 1827 803 662 421 1768 776 641 407 1711 757 627 398 1673 754 626 397 1668 766 635 404 1693
2018-8-22 12:15:0 939 766 484 2050 953 777 491 2080 972 791 500 2118 1024 829 526 2224 1043 845 536 2265 1003 814 515 2182 963 785 495 2101 912 747 471 1997 903 741 468 1980 956 781 494 2089 941 769 487 2056 947 772 489 2066 908 742 469 1984 904 739 467 1977 911 744 471 1992 915 748 473 2000 908 744 471 1989 914 748 473 1999 912 746 473 1995 955 777 493 2082 993 804 512 2158 923 753 477 2015 913 745 472 1995 862 707 448 1890 888 725 460 1941 917 747 474 2000 914 747 474 1998 959 780 495 2090 940 766 485 2051 972 788 498 2113 992 804 508 2156 1000 811 514 2174 954 779 493 2084 938 766 486 2050 929 761 481 2034 986 801 508 2146 1003 812 515 2179 975 792 500 2123 983 797 503 2137 1007 818 516 2191 1042 844 535 2263 967 791 500 2113 1053 854 541 2289 1041 844 533 2262 992 806 508 2160 985 799 505 2142 888 725 459 1940 814 670 424 1789 809 665 422 1777 771 637 405 1699 699 582 370 1550 674 562 356 1497 687 570 361 1520 711 588 373 1570 750 617 393 1649 727 602 382 1606 774 637 406 1702 740 613 390 1634 788 650 413 1736 738 612 388 1631
2018-8-22 12:16:0 1013 823 521 2204 1037 839 531 2250 1127 903 574 2429 1098 881 560 2369 884 726 457 1938 871 714 451 1907 969 787 499 2109 1071 861 548 2315 980 793 504 2127 857 703 445 1879 910 741 470 1984 857 701 445 1875 849 696 441 1860 821 675 427 1803 816 672 424 1795 947 769 488 2061 933 759 482 2035 1014 818 522 2198 1009 815 518 2188 1002 812 515 2179 1057 853 541 2292 994 807 510 2164 986 801 507 2146 1002 814 516 2182 967 790 500 2114 1066 866 548 2320 1146 924 585 2480 1177 947 599 2544 1095 887 556 2377 1178 952 598 2552 1243 1001 633 2688 1245 1004 634 2694 1219 985 622 2641 1216 981 619 2632 1254 1005 633 2701 1190 959 602 2574 1221 983 618 2638 1330 1061 671 2856 1192 960 605 2576 1215 980 617 2628 1302 1046 660 2808 1338 1073 678 2883 1361 1087 687 2924 1353 1081 682 2907 1264 1018 640 2730 1330 1066 672 2863 1460 1159 734 3122 1454 1154 730 3110 1368 1093 690 2938 1384 1103 698 2968 1363 1084 685 2919 1419 1124 712 3031 1362 1083 683 2915 1517 1199 761 3235 1456 1158 733 3117 1400 1120 706 3009 1374 1102 693 2958 1418 1135 714 3049 1395 1118 701 3002 1459 1167 733 3135
2018-8-22 12:17:0 1362 1090 686 2928 1564 1237 786 3337 1453 1157 731 3113 1514 1202 761 3237 1724 1352 862 3657 1438 1143 721 3078 1296 1043 654 2796 1456 1157 731 3115 1701 1337 852 3614 1569 1240 788 3344 1449 1156 731 3107 1561 1233 783 3326 1509 1197 757 3226 1425 1134 715 3053 1397 1114 702 2997 1534 1215 770 3275 1451 1159 732 3115 1347 1079 681 2899 1462 1163 736 3130 1296 1042 655 2795 1489 1180 744 3180 1603 1263 801 3411 1433 1141 720 3071 1382 1105 697 2970 1441 1147 725 3086 1484 1179 746 3175 1441 1147 725 3087 1406 1121 706 3016 1451 1151 726 3102 1500 1189 750 3204 1396 1115 703 2997 1444 1150 726 3094 1429 1139 719 3064 1378 1101 693 2961 1346 1076 677 2891 1464 1164 734 3134 1430 1139 718 3066 1377 1099 692 2955 1477 1174 742 3160 1595 1261 802 3403 1291 1040 655 2789 1299 1046 658 2804 1383 1106 698 2974 1299 1043 656 2800 1280 1030 741 2764 1254 1013 637 2715 1299 1047 660 2807 1487 1181 753 3183 1472 1171 746 3154 1349 1079 684 2901 1177 950 598 2548 1211 977 615 2621 1377 1100 697 2959 1321 1059 671 2846 1286 1029 653 2768 1206 970 613 2605 1274 1021 645 2744 1347 1075 679 2893 1391 1112 704 2990 1394 1114 706 2996
2018-8-22 12:18:0 1507 1200 760 3230 1476 1176 744 3165 1428 1141 722 3068 1347 1081 682 2903 1391 1110 701 2986 1409 1124 711 3023 1436 1144 725 3079 1452 1155 730 3111 1457 1163 736 3128 1352 1085 684 2914 1359 1089 688 2926 1444 1151 729 3097 1504 1196 666 3221 1318 1062 668 2848 1385 1107 700 2976 1353 1084 684 2913 1607 1269 807 3426 1485 1181 748 3180 1475 1175 745 3164 1474 1173 743 3158 1364 1093 689 2936 1354 1085 684 2915 1342 1078 680 2894 1454 1161 735 3122 1431 1144 723 3076 1365 1097 691 2944 1481 1181 748 3178 1520 1209 768 3256 1574 1244 791 3358 1405 1124 711 3022 1394 1114 704 2997 1241 1002 631 2687 1206 977 614 2618 1305 1049 662 2818 1291 1038 656 2787 1227 991 626 2657 1122 913 575 2443 1220 984 622 2640 1309 1045 662 2813 1188 957 605 2569 1135 922 581 2468 1191 963 608 2583 1280 1030 653 2766 1266 1019 646 2736 1195 967 610 2592 1257 1012 641 2718 1326 1059 671 2850 1376 1098 696 2956 1470 1169 744 3151 1461 1163 738 3133 1390 1113 705 2992 1444 1152 729 3099 1309 1053 664 2825 1345 1081 682 2902 1486 1183 749 3186 1592 1257 799 3393 1435 1144 724 3079 1359 1091 688 2931 1267 1026 645 2747 1472 1173 743 3157
2018-8-22 12:19:0 1310 1053 665 2827 1416 1128 714 3038 1338 1072 676 2880 1399 1115 706 3003 1419 1132 717 3047 1348 1082 684 2907 1384 1109 703 2979 1392 1112 704 2991 1466 1163 738 3135 1478 1170 743 3157 1341 1074 679 2886 1316 1057 666 2838 1297 1047 660 2806 1406 1127 714 3028 1477 1176 746 3166 1336 1074 677 2884 1268 1025 643 2746 1384 1106 699 2976 1368 1100 694 2953 1456 1162 735 3127 1433 1146 725 3081 1373 1101 696 2957 1424 1135 719 3054 1372 1097 694 2950 1299 1043 658 2801 1300 1044 658 2804 1351 1084 686 2912 1386 1109 703 2981 1322 1061 669 2849 1432 1139 722 3068 1405 1122 710 3019 1468 1167 739 3144 1370 1098 694 2951 1459 1165 739 3133 1515 1202 764 3240 1492 1183 751 3190 1464 1163 737 3134 1452 1154 731 3109 1372 1101 696 2957 1407 1125 712 3024 1414 1128 715 3035 1372 1097 695 2950 1194 969 608 2594 1375 1100 697 2957 1280 1030 650 2764 1403 1118 708 3009 1340 1072 678 2882 1389 1108 703 2982 1341 1076 680 2891 1388 1111 702 2987 1214 984 617 2635 1226 991 622 2657 1259 1017 639 2726 1413 1132 716 3040 1506 1198 762 3226 1520 1207 766 3252 1471 1170 741 3152 1391 1114 704 2994 1479 1173 743 3162 1399 1118 707 3007
2018-8-22 12:20:0 1334 1074 677 2883 1315 1061 669 2844 1353 1083 684 2911 1450 1155 732 3109 1539 1217 773 3284 1480 1175 745 3166 1419 1134 717 3050 1356 1090 688 2926 1383 1109 701 2979 1384 1110 701 2981 1348 1084 684 2910 1385 1108 700 2979 1377 1103 696 2965 1345 1079 681 2900 1355 1085 685 2916 1316 1060 669 2845 1271 1029 648 2757 1355 1090 688 2925 1416 1129 714 3037 1584 1250 796 3376 1476 1174 744 3162 1353 1087 686 2918 1353 1087 687 2918 1388 1110 703 2985 1373 1098 694 2953 1362 1090 688 2931 1324 1065 672 2859 1360 1092 690 2932 1461 1163 738 3133 1444 1153 731 3102 1479 1177 747 2801 1388 1110 702 2985 1430 1139 721 3067 1273 1025 645 2751 1378 1102 697 2963 1399 1117 706 3006 1287 1038 654 2970 1438 1146 728 3084 1461 1161 737 3128 1378 1103 697 2965 1235 998 627 2675 1265 1020 641 2736 1300 1046 659 2806 1411 1125 712 3028 1336 1071 676 2877 1237 999 628 2678 1234 997 626 2672 1287 1034 651 2776 1296 1042 654 2797 1365 1093 690 2937 1359 1089 689 2925 1317 1059 669 2843 1474 1171 743 3156 1359 1088 686 2924 1336 1067 673 2870 1310 1052 664 2824 1368 1094 692 2941 1399 1117 707 3005 1421 1133 718 3049 1550 1224 779 3305
2018-8-22 12:21:0 1154 920 575 2470 1272 1002 630 2701 1308 1028 646 2774 1321 1037 652 2800 1207 956 599 2572 1284 1012 636 2728 1285 1012 637 2728 1343 1054 665 2845 1297 1021 642 2753 1247 986 618 2654 1248 988 620 2660 1257 995 625 2678 1242 983 616 2647 1223 968 607 2607 1148 916 573 2460 1283 1016 639 2735 1140 911 569 2445 1286 1016 639 2737 1296 1024 644 2759 1232 979 614 2633 1243 987 619 2654 1227 974 610 2620 1278 1008 633 2718 1221 967 606 2603 1205 959 600 2577 1189 950 594 2550 1219 969 608 2604 1262 1001 628 2693 1267 1004 630 2702 1287 1019 640 2743 1241 985 618 2649 1252 993 623 2672 1258 998 626 2685 1194 951 596 2556 1295 1023 643 2756 1229 978 613 2629 1316 1037 653 2796 1270 1004 630 2705 1235 981 614 2638 1137 912 568 2444 1173 937 586 2516 1188 949 593 2548 1242 988 620 2656 1264 1002 630 2697 1356 1068 672 2881 1289 1020 640 2747 1175 938 585 2519 1189 949 593 2548 1179 942 589 2529 1290 1019 640 2745 1159 926 578 2485 1322 1042 656 2809 1305 1033 648 2780 1278 1013 636 2727 1204 959 601 2577 1196 956 598 2566 1239 986 618 2651 1257 999 626 2686 1245 988 620 2659 1245 990 621 2661
2018-8-22 12:22:0 1316 1050 661 2823 1284 1026 644 2757 1360 1079 680 2905 1332 1060 668 2851 1362 1082 683 2913 1359 1079 680 2905 1224 982 615 2635 1252 1003 629 2693 1282 1025 643 2753 1299 1037 652 2786 1293 1033 649 2775 1341 1067 672 2870 1340 1065 671 2866 1522 1197 760 3233 1246 998 626 2680 1340 1068 673 2872 1387 1101 695 2964 1199 964 604 2585 1255 1005 632 2698 1361 1082 682 2911 1513 1190 755 3213 1534 1200 762 3246 1324 1051 663 2830 1314 1049 661 2818 1325 1057 666 2841 1411 1119 707 3015 1281 1027 645 2756 1163 938 586 2513 1200 964 604 2585 1475 1164 737 3140 1342 1066 672 2869 1318 1048 660 2820 1302 1038 652 2790 1329 1059 667 2848 1309 1046 658 2809 1301 1037 653 2788 1312 1043 656 2807 1233 990 620 2655 1241 996 625 2672 1255 1006 633 2700 1391 1103 696 2969 1366 1083 683 2917 1427 1127 714 3039 1352 1075 679 2893 1400 1109 701 2988 1432 1132 715 3052 1304 1041 655 2798 1211 973 609 2609 1164 939 587 2515 1281 1023 643 2749 1396 1107 698 2981 1351 1073 678 2887 1240 995 624 2670 1492 1177 747 3175 1436 1135 719 3060 1334 1060 667 2852 1314 1047 659 2816 1269 1016 639 2728 1384 1096 693 2953 1334 1061 669 2856
2018-8-22 12:23:0 1299 1032 649 2776 1252 999 625 2683 1304 1037 651 2788 1333 1058 665 2846 1372 1084 683 2921 1334 1059 666 2849 1353 1072 675 2884 1377 1090 686 2934 1305 1038 651 2789 1446 1136 716 3065 1480 1157 731 3129 1401 1103 693 2975 1379 1090 684 2936 1317 1047 656 2814 1326 1053 659 2831 1332 1057 662 2843 1333 1056 663 2844 1356 1068 673 2882 1136 901 567 2426 876 708 446 1898 681 562 355 1499 682 562 355 1500 780 638 402 1706 778 639 400 1705 830 676 425 1810 869 703 443 1885 818 666 419 1782 752 617 388 1647 690 569 358 1519 670 554 349 1476 700 576 363 1537 718 590 371 1575 719 592 371 1579 806 659 415 1762 835 679 428 1818 810 660 416 1766 772 631 397 1687 734 602 378 1608 732 600 378 1605 700 575 362 1536 646 535 336 1425 693 571 359 1523 686 565 356 1507 607 502 317 1340 562 468 296 1246 482 408 258 1081 483 408 259 1083 490 412 262 1095 474 399 253 1061 445 378 239 1002 437 372 236 985 439 373 237 989 441 374 237 992 492 413 262 1098 478 403 256 1071 453 384 243 1019 445 378 239 1001 420 358 227 948 403 345 219 913 400 342 217 906
2018-8-22 12:24:0 1413 1112 697 2998 1403 1104 694 2977 1307 1036 649 2785 1420 1118 703 3012 1531 1195 754 3229 1414 1112 698 2998 1330 1052 658 2831 1378 1084 679 2923 1448 1134 713 3062 1480 1157 729 3125 1465 1148 722 3098 1377 1087 681 2924 1362 1073 673 2890 1399 1099 690 2963 1485 1161 732 3136 1415 1113 699 3001 1342 1060 665 2854 1524 1192 751 3220 1441 1135 712 3058 1418 1117 701 3010 1376 1084 680 2921 1427 1121 703 3024 1398 1100 691 2966 1503 1177 741 3179 1356 1073 673 2887 1427 1125 707 3032 1470 1157 727 3119 1386 1094 685 2946 1308 1038 649 2791 1447 1138 715 3069 1373 1083 679 2917 1411 1112 699 2998 1329 1050 660 2828 1316 1041 653 2803 1405 1105 696 2981 1290 1023 643 2752 1491 1168 738 3154 1272 1010 633 2716 1286 1022 642 2747 1464 1152 725 3107 1413 1112 701 2999 1425 1121 706 3023 1387 1092 686 2945 1370 1082 680 2915 1352 1069 673 2878 1280 1016 637 2732 1378 1086 681 2927 1310 1036 649 2789 1370 1082 681 2914 1449 1139 717 3072 1351 1065 668 2870 1236 984 615 2643 1350 1053 659 2874 1413 1113 699 3000 1431 1125 706 3035 1412 1108 697 2990 1428 1124 708 3029 1472 1156 727 3117 1288 1021 638 2745 1391 1095 687 2951
2018-8-22 12:25:0 1762 1381 872 3729 1652 1301 821 3507 1624 1281 807 3451 1556 1231 774 3314 1616 1271 799 3428 1743 1364 860 3685 1693 1330 840 3590 1502 1194 749 3210 1577 1247 785 3358 1681 1322 834 3566 1714 1341 847 3624 1573 1244 783 3349 1611 1268 801 3419 1557 1231 777 3314 1426 1134 714 3048 1423 1131 711 3040 1524 1204 760 3243 1636 1288 813 3473 1503 1190 749 3203 1524 1206 759 3246 1610 1269 800 3420 1558 1231 777 3316 1514 1198 755 3225 1522 1206 759 3246 1544 1222 770 3290 1660 1309 826 3527 1648 1301 821 3505 1623 1283 808 3455 1546 1226 771 3299 1667 1314 829 3543 1678 1320 833 3562 1492 1183 744 3183 1533 1216 767 3273 1656 1302 822 3514 1448 1148 722 3089 1567 1236 781 3332 1616 1272 805 3431 1497 1184 747 3189 1550 1225 773 3299 1528 1209 760 3255 1584 1249 787 3366 1514 1197 753 3223 1640 1287 814 3475 1618 1270 803 3429 1410 1120 703 3012 1443 1143 719 3075 1542 1215 766 3276 1505 1186 747 3199 1390 1102 693 2964 1410 1115 703 3002 1389 1100 694 2960 1311 1042 656 2802 1284 1020 642 2744 1269 1008 636 2712 1169 933 588 2506 1092 875 551 2347 1061 852 537 2284 1037 833 525 2234 1101 878 556 2360 1025 820 518 2202
2018-8-22 12:26:0 1011 816 517 2185 1043 839 532 2250 1093 874 555 2347 1061 850 540 2282 1071 858 546 2303 1097 879 559 2358 1035 834 528 2235 1037 836 529 2240 1161 930 589 2495 1278 1015 646 2731 1234 984 624 2646 1164 934 591 2505 1182 948 600 2542 1228 980 622 2634 1146 921 581 2469 1204 965 611 2589 1273 1016 645 2730 1256 1003 636 2694 1188 952 603 2555 1170 939 594 2518 1232 983 625 2643 1205 964 612 2590 1160 932 589 2499 1214 973 614 2611 1273 1018 643 2732 1352 1079 682 2898 1359 1085 685 2913 1367 1090 687 2927 1534 1211 768 3262 1523 1203 761 3240 1413 1124 708 3020 1465 1163 734 3127 1547 1223 772 3293 1701 1335 845 3602 1568 1243 782 3344 1673 1321 834 3557 1801 1411 895 3809 1633 1289 812 3472 1542 1222 768 3288 1472 1171 736 3147 1592 1259 796 3390 1402 1117 704 3001 1398 1112 703 2989 1345 1071 677 2878 1273 1017 643 2733 1187 956 603 2560 1251 1002 635 2690 1333 1063 674 2857 1297 1036 657 2783 1220 979 619 2626 1201 964 609 2586 1264 1010 640 2714 1215 978 619 2620 1245 1000 632 2681 1245 1000 631 2681 1352 1079 682 2898 1434 1138 720 3063 1350 1078 680 2894 1527 1207 766 3251 1541 1217 772 3278
2018-8-22 12:27:0 1009 815 519 2182 1069 859 549 2305 1071 861 549 2309 1089 876 558 2350 1107 893 568 2393 1176 947 602 2538 1137 919 583 2460 1309 1048 667 2814 1391 1108 706 2980 1211 977 618 2615 1392 1110 705 2983 1500 1190 756 3203 1426 1139 720 3059 1465 1169 739 3140 1522 1215 768 3263 1608 1277 807 3434 1815 1428 908 3852 1613 1280 810 3444 1531 1217 769 3272 1656 1307 828 3521 1640 1296 821 3490 1579 1254 792 3371 1678 1327 839 3572 1634 1297 817 3488 1621 1287 812 3459 1754 1384 877 3729 1690 1334 847 3595 1410 1126 713 3023 1332 1063 673 2855 1155 931 590 2494 1219 976 622 2621 1201 964 615 2587 1140 919 585 2463 1146 924 587 2475 1210 969 616 2601 1138 917 583 2458 1109 896 570 2398 1132 913 582 2446 1150 925 590 2480 1058 854 544 2288 1020 827 526 2212 1108 891 569 2390 1018 824 526 2205 1062 855 547 2293 1025 828 528 2217 998 807 515 2160 1042 838 536 2247 1028 829 531 2221 919 747 477 1997 923 749 478 2003 964 779 497 2085 949 767 490 2054 933 754 482 2019 929 752 481 2011 930 752 481 2012 910 736 470 1969 919 743 475 1988 923 746 477 1996 920 743 475 1990 932 753 482 2016
2018-8-22 12:28:0 912 737 470 1973 959 772 493 2069 947 764 487 2046 916 741 471 1983 976 787 501 2108 987 795 507 2130 1042 837 533 2245 1099 879 560 2360 1085 872 553 2337 1176 941 596 2526 1221 976 619 2621 1305 1041 660 2795 1379 1095 694 2945 1480 1170 743 3151 1453 1154 731 3103 1473 1169 740 3144 1463 1162 734 3124 1558 1233 782 3320 1555 1233 782 3316 1506 1195 758 3214 1449 1150 729 3093 1462 1156 736 3114 1297 1037 658 2783 1201 964 613 2584 1399 1129 741 3018 1571 1279 865 3405 1580 1298 890 3445 1516 1257 868 3326 1630 1340 927 3557 1613 1334 928 3533 1694 1404 988 3713 1629 1358 959 3582 1459 1218 857 3215 1568 1304 921 3443 1539 1282 907 3384 1494 1253 888 3300 1549 1297 921 3417 1637 1365 968 3601 1655 1379 977 3638 1567 1313 932 3459 1533 1288 917 3389 1486 1249 886 3288 1594 1331 947 3510 1541 1294 920 3406 1595 1336 949 3519 1596 1338 948 3523 1715 1434 1017 3779 1774 1478 1049 3897 1786 1490 1059 3929 1637 1371 970 3611 1813 1508 1069 3979 1755 1464 1039 3859 1724 1439 1021 3793 1684 1408 997 3708 1669 1400 991 3684 1802 1501 1064 3958 1833 1524 1082 4022 1871 1552 1105 4099 1601 1341 952 3532 1616 1354 964 3565
2018-8-22 12:29:0 4228 3930 3888 8510 4290 3986 3941 8628 4247 3950 3907 8557 4196 3907 3865 8467 4190 3903 3861 8462 4191 3904 3862 8468 4245 3953 3909 8572 4306 4008 3961 8687 4446 4135 4083 8960 4453 4141 4088 8970 4424 4115 4063 8913 4325 4026 3978 8723 4232 3944 3899 8551 4255 3967 3922 8605 4285 3993 3946 8641 4368 4069 4020 8823 4428 4116 4063 8907 4360 4051 4002 8755 4293 3991 3944 8631 4247 3952 3906 8554 4172 3887 3844 8422 4141 3860 3819 8368 4193 3908 3864 8470 4302 4006 3958 8683 4283 3988 3939 8642 4218 3932 3883 8532 4303 4014 3963 8729 4251 3976 3929 8853 4035 3780 3739 8244 3894 3646 3608 7946 3764 3526 3490 7682 3565 3340 3308 7271 2821 2644 2626 5732 2312 2170 2163 4689 2787 2613 2595 5666 2976 2793 2774 6066 3026 2844 2826 6185 2788 2628 2618 5720 2905 2738 2727 5969 3164 2972 2953 6471 3181 2987 2967 6505 3143 2955 2938 6440 2948 2779 2769 6062 2890 2729 2723 5961 2893 2734 2728 5974 2899 2738 2731 5980 2827 2671 2666 5830 2841 2680 2673 5842 2720 2575 2574 5628 2872 2717 2715 5943 2968 2802 2794 6119 3159 2981 2969 6519 3187 3011 3000 6594 3278 3098 3086 6789 3215 3037 3026 6651 3509 3306 3286 7234 3477 3275 3256 7163 3454 3254 3236 7118 3397 3203 3187 7010 3360 3167 3150 6928
2018-8-22 12:30:0 3023 2800 2765 5983 2970 2750 2713 5890 2874 2667 2634 5717 2790 2592 2562 5547 2792 2593 2564 5533 2783 2581 2552 5503 2729 2535 2513 5393 2381 2231 2225 4769 2297 2158 2156 4625 2508 2346 2339 5047 2703 2512 2493 5364 3401 3148 3106 6746 3845 3550 3492 7617 4301 3966 3894 8511 4575 4218 4141 9056 4532 4178 4101 8949 4397 4056 3982 8659 4214 3884 3816 8289 4230 3895 3822 8318 3988 3670 3559 7829 3458 3183 3128 6775 2762 2559 2534 5436 2958 2743 2718 5846 3011 2794 2769 5957 3040 2823 2798 6029 3081 2861 2836 6119 3106 2885 2860 6168 2989 2775 2751 5908 2997 2783 2759 5937 3032 2815 2789 6006 3189 2958 2929 6319 3331 3083 3049 6582 3888 3587 3532 7667 4220 3888 3823 8325 3840 3539 3486 7560 3779 3483 3432 7442 3435 3174 3137 6776 3347 3098 3064 6616 3414 3157 3121 6736 3385 3129 3093 6669 3455 3194 3157 6815 3421 3163 3127 6744 3314 3067 3033 6522 3418 3162 3127 6744 3369 3117 3083 6645 3311 3065 3032 6529 3355 3106 3072 6622 3405 3152 3117 6733 3423 3169 3134 6764 3388 3135 3101 6687 3345 3095 3062 6588 3249 3005 2974 6384 3373 3119 3086 6638 3386 3133 3099 6665 3317 3068 3036 6517 3326 3077 3044 6538 3427 3172 3138 6765 3464 3206 3172 6841 3454 3196 3162 6816 3431 3174 3140 6774
2018-8-22 12:31:0 3199 2968 2937 6345 3198 2966 2935 6339 3208 2975 2944 6354 3256 3023 2991 6478 3300 3064 3033 6582 3322 3085 3053 6632 3311 3074 3042 6601 3268 3033 3002 6504 3238 3006 2976 6443 3091 2870 2842 6135 2908 2704 2681 5761 2924 2717 2694 5791 2859 2659 2637 5661 2969 2760 2735 5883 3175 2948 2918 6304 3175 2948 2918 6305 3253 3019 2988 6467 3352 3111 3078 6678 3349 3107 3073 6667 3325 3085 3052 6616 3326 3086 3053 6614 3348 3104 3071 6658 3358 3114 3080 6679 3283 3044 3011 6514 3113 2888 2858 6162 3095 2871 2841 6117 3225 2990 2957 6387 3038 2818 2790 6003 3033 2815 2788 6000 3160 2931 2901 6259 3207 2975 2944 6358 3329 3087 3054 6609 3304 3063 3030 6556 3251 3016 2984 6452 3194 2963 2932 6331 3259 3022 2990 6462 3268 3031 2998 6481 3261 3024 2991 6465 3200 2969 2938 6345 3064 2842 2814 6054 3289 3048 3015 6513 3363 3115 3081 6662 3409 3157 3121 6763 3422 3169 3132 6790 3415 3163 3126 6776 3301 3057 3023 6534 3079 2854 2825 6072 3167 2934 2903 6254 3104 2878 2848 6134 3056 2834 2806 6031 3022 2802 2775 5956 3128 2899 2869 6172 3272 3031 2997 6463 3285 3043 3010 6497 3125 2896 2866 6165 3211 2974 2942 6337 3362 3113 3078 6651 3431 3177 3141 6802 3434 3181 3144 6810 3453 3197 3160 6842
2018-8-22 12:32:0 3753 3448 3405 7231 3899 3582 3536 7527 3907 3589 3543 7537 3943 3622 3576 7612 3998 3672 3625 7728 3990 3664 3618 7687 3975 3649 3603 7635 3870 3551 3507 7417 3745 3436 3395 7165 3812 3496 3454 7274 3892 3571 3526 7448 3891 3571 3526 7445 3909 3590 3545 7514 3872 3554 3510 7435 3735 3429 3388 7174 3638 3342 3304 6990 3593 3300 3263 6890 3752 3446 3404 7194 3937 3617 3572 7571 3976 3651 3607 7649 3944 3613 3572 7517 4039 3697 3653 7706 3976 3640 3597 7581 4047 3707 3662 7734 3945 3613 3570 7541 3932 3601 3558 7509 3907 3585 3542 7493 3849 3529 3489 7357 3839 3520 3481 7343 3792 3476 3438 7252 3698 3390 3354 7060 3801 3485 3447 7275 3681 3377 3343 7035 3679 3377 3342 7044 3617 3322 3288 6934 3663 3363 3327 7022 3798 3490 3451 7293 3809 3499 3460 7323 3771 3465 3427 7260 3899 3582 3541 7517 3949 3626 3584 7608 3939 3617 3574 7600 3905 3587 3543 7537 3818 3502 3459 7342 3669 3359 3314 7043 3321 3032 2987 6339 3150 2858 2809 5953 3085 2799 2751 5833 2982 2705 2659 5627 3112 2823 2775 5891 3256 2950 2900 6158 3215 2910 2859 6070 3056 2766 2717 5779 3067 2775 2725 5817 3296 2986 2935 6236 2469 2229 2193 4633 1951 1758 1735 3609 1713 1544 1528 3144 1793 1616 1599 3290 1917 1727 1707 3530
2018-8-22 12:33:0 3588 3330 3291 7154 3603 3344 3304 7184 3579 3322 3283 7132 3527 3274 3236 7022 3409 3165 3130 6779 3378 3136 3101 6713 3344 3102 3067 6632 3346 3104 3069 6635 3300 3062 3028 6541 3341 3095 3058 6613 3379 3125 3085 6690 3219 2969 2927 6334 3024 2783 2741 5915 3392 3120 3067 6632 4093 3768 3689 8065 3680 3394 3323 7290 3145 2905 2844 6257 2495 2305 2257 4969 2535 2341 2292 5044 2716 2503 2448 5382 2766 2547 2492 5471 2696 2480 2425 5313 2572 2362 2309 5046 2348 2154 2105 4567 1645 1509 1476 3107 1669 1528 1494 3151 2183 2000 1954 4220 1958 1795 1754 3755 1870 1714 1676 3570 1971 1807 1766 3779 2119 1942 1898 4086 2202 2019 1972 4253 2338 2143 2094 4536 2316 2123 2074 4486 2428 2226 2174 4717 2633 2410 2352 5117 2892 2641 2574 5613 3014 2752 2682 5864 3076 2810 2740 6003 3129 2859 2787 6117 3193 2918 2844 6249 3227 2949 2875 6319 3234 2956 2881 6333 3250 2971 2895 6364 3222 2947 2872 6313 3090 2827 2756 6052 3199 2917 2841 6224 3359 3060 2977 6523 3323 3019 2935 6408 3363 3055 2969 6482 3437 3126 3039 6652 3391 3082 2996 6541 3453 3139 3052 6655 3631 3307 3217 7041 3719 3389 3297 7227 3803 3466 3371 7395 3867 3525 3428 7518 3957 3609 3511 7713 3999 3648 3549 7804 4012 3659 3560 7824
2018-8-22 12:34:0 2408 2149 2100 4512 1030 894 882 1853 1609 1424 1393 2968 3000 2662 2577 5582 3748 3329 3227 6995 3870 3444 3338 7239 3292 2938 2849 6151 1864 1677 1641 3469 1743 1567 1534 3241 1945 1748 1708 3617 2140 1919 1869 3984 1979 1774 1732 3678 1735 1548 1516 3212 1358 1207 1187 2502 1475 1326 1304 2752 1521 1364 1342 2845 1420 1276 1256 2638 1433 1291 1272 2679 1458 1313 1293 2729 1501 1353 1332 2825 1473 1326 1306 2766 1556 1403 1382 2954 1535 1385 1363 2912 1415 1274 1255 2651 1411 1270 1251 2642 1510 1360 1339 2837 1596 1436 1411 2993 2014 1812 1775 3795 2093 1877 1839 3933 2304 2065 2022 4343 2697 2412 2356 5095 2317 2079 2037 4400 1428 1284 1267 2722 1188 1049 1032 2188 771 678 672 1369 998 882 872 1822 825 719 711 1475 779 677 669 1393 616 529 525 1078 682 588 583 1204 706 610 604 1253 649 560 555 1146 571 490 487 998 647 557 552 1145 493 421 419 846 694 607 602 1219 1041 926 913 1888 971 862 851 1750 653 560 555 1149 2404 2179 2124 4564 2922 2642 2570 5531 3723 3209 3119 7102 3406 3088 3001 6464 3569 3239 3147 6822 3860 3512 3417 7476 3906 3556 3460 7572 4000 3641 3542 7757 4053 3699 3601 7895 4079 3725 3627 7953 4070 3717 3621 7940
