METADATA
initial_wait: 1
measures: 60
period: 1
depth: 1.50
lat: 0.00
lon: 0.00
timestamp: 2106-2-6 6:28:16
sample_counter: 1
name: 9
maker: ICM-CSIC
curator: ICM-CSIC
email: 
sensors: TCS34725
description: KduinoPro2
place: Loch Leven
units: counts, counts, counts, counts
DATA
DATE HOUR RED GREEN BLUE CLEAR
2018-7-31 11:35:0 312 197 210 322 331 209 222 341 347 218 233 358 474 297 317 489 453 285 304 467 389 246 263 401 383 242 259 395 439 276 294 453 504 315 336 520 496 310 331 512 437 274 293 451 407 255 272 419 425 266 284 438 452 282 302 467 461 288 307 476 440 275 293 454 324 204 218 334 370 232 248 382 406 254 271 419 343 215 229 354 297 187 199 307 245 155 165 253 305 205 218 313 1736 1124 1189 1814 1585 1049 1109 1653 1367 901 954 1424 664 494 521 682 153 119 125 156 149 121 126 152 163 131 137 166 143 115 120 146 101 79 83 103 100 80 84 103 115 85 89 118 220 162 171 226 495 377 396 509 1953 1291 1365 2027 1968 1251 1327 2049 2284 1487 1575 2371 2179 1421 1504 2263 2276 1474 1561 2363 2242 1431 1518 2328 2044 1296 1375 2121 1955 1236 1313 2023 1828 1164 1235 1891 1735 1111 1179 1794 1729 1107 1175 1787 1749 1116 1185 1808 1688 1081 1147 1746 1656 1065 1130 1712 1672 1073 1139 1729 1748 1104 1173 1809 1755 1108 1178 1816 1809 1140 1211 1872 1885 1183 1257 1951 1890 1188 1263 1956 1949 1226 1302 2018 1858 1178 1251 1924 1851 1174 1246 1918 1769 1116 1185 1833
2018-7-31 11:36:0 27521 23618 22973 49612 27459 23553 22908 49470 25949 22240 21622 46743 24989 21487 20850 45188 25745 22098 21478 46244 26278 22556 21932 47240 27245 23368 22731 49084 24355 20863 20281 43761 23269 19900 19346 41702 25942 22182 21558 46265 2811 2807 2934 6699 3388 3241 3380 7546 21508 18335 17845 38195 19144 16276 15867 33964 17210 14602 14208 30458 26702 22790 22105 47633 27037 23125 22477 48437 24426 20913 20341 43719 26216 22413 21801 46891 25176 21454 20900 44872 27035 22987 22370 47982 25188 21521 20911 44883 25007 21394 20797 44703 24847 21262 20675 44460 24466 20923 20343 43728 24543 20914 20298 43527 23454 19930 19324 41344 25186 21524 20922 44949 25362 21705 21102 45389 26372 22594 21968 47294 27046 23150 22498 48441 27254 23329 22676 48865 27263 23345 22693 48926 26877 23004 22361 48215 24999 21422 20853 44923 17968 15407 15033 32528 6778 5970 6071 13243 1252 1266 1301 3049 1501 1475 1575 3466 2391 2126 2217 4633 2043 1909 2011 4304 2306 2124 2227 4736 2397 2258 2361 5118 2317 2200 2291 5068 202 263 243 602 45 126 99 280 95 178 157 428 354 394 415 980 655 692 737 1691 1859 1179 1239 2253 1506 1006 1056 1842 1511 1030 1078 1880 1565 1022 1069 1857 1711 1109 1162 2007 577 390 407 756 1839 1413 1479 2614 18346 15676 15304 32562 9018 7766 7671 15610 7600 6515 6531 12630 8796 7540 7528 14638
2018-7-31 11:37:0 3494 4363 3812 11829 5924 7170 6135 19479 3055 3982 3566 10763 8042 9607 7969 26026 4558 5452 4601 15486 3783 4770 4184 12903 5443 6452 5479 17543 4390 5207 4416 14153 5503 6457 5512 17720 3851 4728 4091 12790 3756 4621 3977 12493 4023 4959 4264 13423 3446 4215 3642 11418 8683 10131 8550 27697 3900 4634 3915 12570 4417 5371 4615 14579 7524 8169 6527 22441 3459 4280 3676 11529 3619 4493 3891 12155 6398 7703 6663 20493 3997 5302 4803 14284 5034 6195 5274 16723 4199 4938 4193 13459 4993 5948 5021 16114 5243 6159 5253 16858 4385 5359 4611 14496 4891 5835 4921 15799 3766 4558 3912 12366 3526 4383 3798 11858 3527 4373 3799 11843 3975 5061 4505 13759 7788 9013 7566 24670 4157 5068 4346 13731 6048 7289 6206 19783 3680 4511 3926 12269 4848 5988 5249 16301 6029 7010 5808 18997 6254 7337 6206 20003 3687 4550 3955 12333 4471 5582 4809 15068 4606 5624 4847 15299 5313 6538 5622 17729 5380 6382 5398 17345 3566 4443 3895 12069 4193 5227 4518 14125 5498 6472 5403 17538 3509 4307 3746 11702 3845 4671 4032 12691 3488 4312 3730 11673 5374 6526 5598 17702 4677 5506 4576 14924 10617 12332 10171 33538 7808 9662 8295 26222 6615 7859 6655 21392 3036 3916 3511 10600 4335 5401 4672 14617 4620 5516 4702 15014 4843 5837 4989 15872 5811 6961 5929 18924 3318 4193 3672 11329
2018-7-31 11:38:0 6520 7753 6493 20988 4590 5545 4749 15040 4404 5381 4637 14617 3541 4395 3810 11883 3562 4557 3973 12276 4786 5619 4704 15272 3738 4655 4038 12580 5776 6984 5906 18891 3310 4053 3515 10998 3987 5027 4407 13632 6176 7422 6329 20186 4752 5516 4615 14977 6428 8113 7179 22084 3875 4758 4091 12880 6929 7720 6191 21031 11508 12921 10461 34398 10624 12496 10332 32746 7627 6553 5576 24446 3545 4414 3845 11947 4399 5252 4454 14228 4541 5155 4359 14173 4209 4997 4244 13606 4567 5404 4582 14692 6003 7127 5975 19284 6614 7561 6232 20621 7215 8831 7665 24077 5524 6638 5655 17983 7160 7774 6219 21141 6378 7480 6309 20369 6073 7118 5995 19382 4095 5095 4434 13795 6190 7599 6598 20681 4785 5732 4887 15578 3701 4810 4286 13006 3567 4445 3875 12028 4581 5570 4786 15114 3237 4132 3642 11156 3765 4697 4085 12689 4262 5343 4710 14512 4756 5840 5014 15825 3285 4076 3545 11030 4271 5165 4410 14003 4486 5690 5021 15394 4592 5380 4564 14666 6040 7538 6616 20501 4358 5497 4819 14880 5197 6279 5497 17177 5470 6393 5379 17393 4652 5533 4685 15034 5281 6570 5654 17769 4524 5545 4813 15071 4019 4850 4125 13131 4751 5890 5267 16100 3921 4920 4305 13311 4470 5637 5017 15350 4127 5010 4305 13585 4941 6101 5323 16582 3252 4134 3700 11231 3882 4827 4233 13097 7107 8253 6731 22331
2018-7-31 11:39:0 3814 4695 4104 12734 4120 5070 4380 13722 5315 6193 5164 16797 3465 4405 3900 11929 4755 5859 5055 15867 3796 4570 3927 12439 3892 4774 4128 12960 5011 6206 5350 16800 3547 4486 3997 12181 5474 6239 5202 17000 5749 7165 6226 19420 4128 4998 4287 13565 3975 4972 4356 13480 7564 8892 7363 24082 3611 4554 4034 12347 4772 5993 5327 16327 4779 6102 5373 16527 4423 5240 4447 14227 3998 4876 4233 13264 4383 5356 4656 14570 4925 6245 5445 16885 4945 5921 5086 16127 9503 10916 9003 29784 3110 3910 3443 10599 4853 5600 4667 15279 3208 4039 3567 10961 5515 6712 5720 18167 4808 5860 5043 15870 3160 3985 3522 10803 8304 9873 8310 26873 3403 4295 3772 11620 6699 7941 6703 21562 4634 5405 4565 14671 4733 5840 5042 15795 4149 5192 4647 14172 7768 8776 7195 23985 3953 4938 4319 13357 4096 5035 4357 13628 4278 5309 4658 14450 4834 5857 5003 15895 3157 4091 3675 11075 5520 6493 5485 17625 5804 7020 5992 19033 6373 7464 6027 20089 3736 4599 4026 12516 4439 5465 4724 14821 4384 5137 4360 13961 5792 6423 5243 17452 4077 5109 4436 13808 4885 5703 4777 15533 5922 6888 5760 18753 4393 5219 4439 14150 4671 5693 4935 15460 5681 6580 5474 17915 6630 7513 6192 20509 4950 6073 5305 16520 7506 8754 7307 23792 6622 7578 6129 20517 5921 7287 6191 19686 3818 4800 4202 12990
2018-7-31 11:40:0 6468 7609 6371 20653 3757 4661 4068 12633 4900 5920 5081 16099 4718 5766 4971 15639 3967 4969 4351 13448 5470 6490 5516 17653 5112 6422 5603 17374 5435 6549 5568 17741 4832 5982 5155 16168 4958 6022 5137 16306 6585 7998 6810 21673 4035 4954 4313 13449 4256 5263 4586 14271 5169 6210 5289 16816 4064 4992 4317 13526 5125 6241 5366 16902 4908 5799 4911 15774 3817 4774 4173 12942 4468 5455 4700 14777 3852 4917 4339 13259 7170 8322 6940 22590 5728 6306 5241 17287 4312 5161 4409 14022 3298 4157 3664 11261 5885 7036 5900 18960 4756 5872 5097 15875 4748 5754 4945 15595 3407 4227 3699 11475 4626 5564 4769 15095 4295 5293 4627 14353 5551 6445 5414 17468 3601 4545 3988 12267 6453 7643 6460 20753 7823 9403 7873 25412 4131 5012 4421 13667 4752 5814 5013 15718 4023 4989 4313 13485 4189 5144 4434 13928 5377 6201 5191 16875 4625 5742 4947 15477 5310 6493 5555 17553 4403 5464 4725 14769 11308 12851 10644 35139 5205 6119 5188 16640 6012 7301 6297 19852 4337 5456 4819 14793 6292 7867 6896 21440 3889 4742 4098 12866 3896 5005 4494 13590 5651 7009 6128 18993 3965 4955 4311 13368 4195 5230 4517 14112 2682 3455 3086 9341 19945 21949 17618 56952 3791 4725 4130 12754 5747 6881 4249 18641 5667 6936 5982 18829 4392 5491 4799 14878 3306 4200 3741 11376 7756 9205 7752 24933
2018-7-31 11:41:0 5026 6065 5178 16427 5420 6589 5646 17844 3747 4751 4150 12794 6473 7707 6520 20918 4552 5583 4827 15127 6282 7547 6441 20497 5839 7022 5948 18994 4245 5210 4474 14079 4232 5251 4542 14191 4933 5965 5107 16173 5407 6512 5564 17666 4603 5636 4843 15237 4460 5512 4773 14910 4939 6027 5157 16293 4515 5581 4822 15089 8543 10554 9054 28608 5325 6486 5589 17585 3794 4726 4141 12797 17831 19279 15203 48869 3970 4957 4307 13394 4038 4983 4298 13476 5254 6315 5369 17110 4165 5228 4560 14107 4126 5123 4437 13833 3473 4368 3822 11804 3941 4794 4145 13010 6609 7765 6459 21034 3846 4840 4227 13057 4721 5792 4980 15658 4432 5455 4716 14770 5081 6168 5333 16771 3879 4868 4223 13120 3702 4643 4059 12544 7454 8557 7029 23206 3618 4556 4002 12310 4398 5363 4584 14461 5488 6760 5807 18273 4748 5869 5078 15872 4735 5793 5002 15684 4622 5581 4790 15137 5937 7193 6150 19531 6209 7682 6804 21037 3934 4905 4262 13243 4360 5408 4700 14628 3814 4734 4102 12799 4212 5207 4509 14112 5622 6762 5787 18358 4039 5091 4484 13775 7119 8505 7189 23116 3704 4610 4025 12496 4578 5584 4806 15126 4497 5577 4843 15089 6582 7815 6611 21207 4214 5166 4461 14003 5824 7023 5963 19062 4088 5025 4357 13613 7891 9230 7625 24940 4925 6052 5202 16350 6943 8337 7069 22630 3547 4421 3849 11956
2018-7-31 11:42:0 4951 6077 5219 16432 3449 4344 3792 11731 3967 4886 4216 13218 4286 5288 4584 14316 3917 4766 4109 12932 6457 7623 6385 20648 3623 4535 3946 12251 4431 5551 4808 14963 4158 5136 4443 13893 5881 7207 6134 19480 4219 5167 4470 14015 4804 5851 5025 15874 5210 6282 5346 17031 4939 5968 5130 16233 3413 4307 3805 11672 4520 5661 4892 15269 5283 6329 5349 17134 4032 4913 4239 13340 5872 6859 5775 18689 6347 7350 6131 19960 8451 9779 8088 26525 4476 5589 4874 15152 4040 4983 4332 13513 3777 4682 4085 12695 4058 5067 4403 13690 4897 6004 5163 16277 3785 4679 4054 12666 4423 5375 4615 14585 4846 6013 5206 16261 6283 7860 6847 21321 6877 8177 6911 22263 5040 6012 5106 16293 3771 4778 4220 12956 5207 6380 5520 17346 4334 5248 4502 14245 4573 5626 4837 15221 5017 5949 5022 16174 4153 5062 4368 13748 5515 6590 5605 17895 3438 4305 3769 11649 5410 6548 5551 17715 4486 5475 4702 14854 5464 6552 5567 17774 5227 6097 5133 16581 6126 7246 6111 19703 4121 5036 4343 13655 4767 5898 5083 15950 3704 4628 4044 12525 4041 4948 4274 13420 4547 5510 4705 14917 4080 5078 4413 13741 4327 5314 4555 14369 5420 6527 5543 17670 3841 4803 4197 12991 4862 5843 4955 15816 5178 6166 5231 16780 4070 4958 4254 13452 6175 6967 5761 19072 3251 4083 3586 11050 7111 8288 6954 22621
2018-7-31 11:43:0 4804 5937 5120 16073 5381 6434 5431 17447 4200 5101 4376 13844 3761 4607 3991 12493 4328 5274 4530 14301 7430 8410 6876 22885 4536 5539 4736 14999 4644 5645 4848 15324 5105 6165 5226 16682 4371 5278 4511 14323 5956 6914 5765 18794 3525 4377 3805 11842 2353 3128 2810 8406 2015 2739 2499 7361 2885 3858 3484 10374 5179 6311 5422 17123 4112 5034 4342 13651 5179 6305 5411 17118 3751 4640 4024 12554 6631 7759 6488 21077 3709 4579 3959 12399 5180 6311 5387 17122 4543 5512 4743 14955 4352 5257 4483 14251 5918 6946 5771 18813 4466 5430 4661 14711 4913 5897 5020 15985 4410 5342 4591 14503 4675 5607 4774 15219 4579 5561 4769 15078 3694 4531 3943 12295 3714 4530 3928 12307 3777 4536 3906 12330 4848 5617 4733 15281 3139 3790 3310 10333 3398 4010 3490 10970 4607 5714 5116 15665 4977 5816 4996 15924 2618 3154 2795 8624 3032 3540 3089 9724 3403 3915 3385 10761 3829 4385 3776 12066 6051 6751 5673 18587 3292 3859 3353 10575 2125 2530 2255 6946 1572 1986 1830 5434 1317 1703 1593 4655 1680 2001 1799 5508 982 1299 1243 3554 1603 1921 1734 5283 3062 3502 3078 9652 4400 4532 3866 12661 1369 1591 1522 4450 892 1081 1072 3022 1348 1512 1430 4229 1180 1387 1321 3861 2149 2382 2167 6628 5255 5412 4707 15144 5860 5870 5141 16357 7284 6939 6032 19324
