METADATA
initial_wait: 1
measures: 60
period: 1
depth: 3.00
lat: 0.00
lon: 0.00
timestamp: 2106-2-6 6:28:16
sample_counter: 1
name: 12
maker: ICM-CSIC
curator: ICM-CSIC
email: 
sensors: TCS34725
description: KduinoPro2
place: Loch Leven
units: counts, counts, counts, counts
DATA
DATE HOUR RED GREEN BLUE CLEAR
2018-7-31 11:35:0 289 196 208 294 272 185 196 277 240 164 174 245 247 170 180 252 276 188 200 282 167 117 124 170 212 145 153 216 277 189 200 283 285 194 206 291 291 197 208 297 296 200 212 302 294 199 211 300 264 179 190 270 229 157 167 234 224 153 163 229 237 162 172 242 263 178 189 268 242 164 174 247 184 125 132 188 193 131 139 197 420 281 297 430 956 632 667 992 1314 868 914 1546 928 643 676 960 865 588 619 898 570 395 417 583 797 598 628 815 953 693 728 979 1147 841 882 1182 910 672 705 936 968 686 721 994 874 612 644 906 845 580 610 877 992 651 685 1045 1054 688 724 1135 1057 696 732 1130 1143 745 787 1184 1258 810 855 1304 788 530 559 818 717 488 513 748 776 533 561 808 705 480 506 732 1347 947 994 1398 1401 996 1044 1456 1397 988 1035 1452 926 646 677 964 1303 906 950 1356 1712 1147 1207 1783 1406 949 997 1465 1357 910 956 1418 1226 821 862 1280 1222 823 864 1273 1563 1039 1091 1641 1822 1174 1235 1916 2112 1352 1422 2257 2251 1418 1497 2378 215 147 155 221 1651 1309 1347 2459 1902 1511 1536 2886 853 651 661 1095
2018-7-31 11:36:0 6826 5682 5560 11504 3783 3148 3184 6212 1917 1645 1705 3402 1684 1453 1528 3087 1861 1565 1634 3203 1702 1393 1456 2884 3318 2834 2774 5846 16930 14202 13752 29637 15800 13244 12828 27649 20281 17004 16488 35651 18531 15502 15008 32384 23164 19371 18762 40438 3197 2210 2230 4304 22597 18951 18368 39687 23325 19579 18974 40949 23215 19477 18875 40760 23259 19533 18931 40898 22889 19216 18622 40220 23140 19438 18839 40693 23639 19860 19249 41596 24737 20772 20133 43629 24948 20950 20302 44067 25029 21023 20373 44231 25236 21196 20541 44593 24679 20728 20087 43611 22951 19262 18667 40468 22717 19052 18465 39975 23803 19994 19382 41931 22663 18995 18415 39729 14603 12259 11965 31709 10367 8737 8570 18380 4469 3902 3946 8526 18788 15615 15164 32406 17759 14725 14302 30523 5941 4910 4747 10929 3810 3139 2917 8195 9051 7255 6691 18565 7562 6167 5657 15860 13306 10762 9946 27911 19270 16062 15525 33953 6587 5475 5064 14627 3534 3115 2803 8640 6167 5981 5122 17079 8898 7659 6842 21601 20009 16655 16147 34930 13356 11181 10897 23542 11683 9773 9543 20612 14449 10591 10350 25416 11562 9751 9555 20782 3581 3111 3014 6936 5235 4514 4016 12927 2535 2418 2135 7049 2953 2957 2487 8621 1272 1413 1233 4070 3555 3677 3069 10656 2467 2623 2221 7580 3639 3993 3286 11370 1784 2226 1803 6137 2297 2892 2329 7937 5046 6262 4928 17134
2018-7-31 11:37:0 2388 3561 2843 9336 4040 5776 4513 15194 3187 4850 3912 12702 2843 4383 3555 11460 2979 4396 3514 11555 2706 4086 3288 10710 3020 4493 3578 11785 2648 3994 3211 10465 2527 3889 3172 10197 3671 5298 4125 13903 3291 4985 4002 13061 2724 4099 3305 10761 2539 3886 3139 10172 3987 5859 4656 15412 3384 5070 4099 13337 2430 3698 3009 9703 4149 6056 4828 15973 2256 3452 2805 9051 2058 3221 2647 8427 2845 4261 3428 11186 4711 6754 5268 17766 3379 5216 4344 13775 2559 3945 3200 10317 3115 4701 3801 12350 2693 4062 3264 10642 4090 5734 4373 15057 3091 4655 3752 12224 5460 7451 5621 19651 3320 5022 4073 13209 3006 4408 3487 11577 3061 4501 3564 11814 2380 3607 2924 9462 3049 4596 3691 12046 2750 4156 3335 10883 6559 9136 7039 24159 2377 3658 2979 9583 2768 4233 3428 11090 3089 4478 3520 11768 2524 3846 3106 10073 2377 3638 2965 9545 2687 4130 3390 10854 2957 4381 3500 11512 3297 4874 3862 12790 2826 4181 3325 10976 2561 3868 3122 10153 2499 3816 3104 10005 2344 3614 2948 9466 2713 4028 3221 10587 3262 4780 3789 12559 5173 7007 5287 18488 2366 3628 2950 9513 2005 3131 2565 8190 3330 5025 4092 13238 2707 4071 3295 10696 2632 4032 3261 10550 2834 4295 3459 11251 2293 3530 2879 9248 4375 6256 4900 16483 2319 3603 2949 9433 2196 3409 2784 8919
2018-7-31 11:38:0 2955 4393 3496 11526 2544 3866 3132 10145 3200 4947 4049 12986 2039 3151 2581 8263 4219 6109 4787 16063 2045 3193 2629 8365 4097 6007 4767 15801 3405 5076 4056 13320 2696 4105 3346 10784 2851 4254 3408 11175 2791 4207 3363 11016 2625 3980 3199 10423 2452 3663 2929 9607 2510 3730 2973 9788 2524 3857 3130 10118 2752 4163 3356 10915 5852 7970 6017 21029 2039 3131 2558 8217 2440 3641 2920 9560 2503 3840 3125 10069 2529 3820 3069 10011 2552 3855 3106 10743 2863 4277 3422 11227 2404 3715 3057 9764 4512 6415 4967 16897 4499 6432 5010 16929 2172 3238 2593 8505 3169 4629 3653 12165 2280 3454 2791 9060 2532 3824 3083 10032 3448 5176 4153 13586 2883 4293 3409 11243 2634 4007 3281 10551 2837 4242 3403 11142 2731 4064 3217 10639 2207 3273 2608 8590 2168 3318 2706 8711 3495 5142 4096 13544 2977 4438 3558 11666 3589 5200 4094 13676 2623 3930 3158 10318 4941 7119 5590 18763 2888 4324 3477 11357 3122 4647 3701 12189 2771 4170 3383 10971 2512 3837 3103 10048 2523 3886 3162 10182 2176 3336 2712 8744 2644 3990 3233 10491 3179 4658 3687 12246 2671 3994 3202 10485 3000 4452 3556 11704 3617 5149 3976 13522 1840 2884 2384 7558 6161 8433 6395 22280 4032 6053 4885 15929 2825 4106 3236 10786 2901 4266 3407 11226 2667 3988 3188 10457 2893 4424 3596 11611
2018-7-31 11:39:0 2306 3010 2464 9027 2774 4126 3308 10854 2478 3823 3130 10026 3628 5300 4165 13918 2133 3263 2669 8573 2499 3805 3068 9966 2333 3534 2868 9285 2346 3532 2865 9291 2867 4338 3527 11413 2964 4476 3610 11745 3243 4798 3849 12635 2506 3839 3138 10085 3747 5417 4263 14263 3108 4542 3573 11922 2662 3969 3208 10456 2283 3452 2794 9063 2736 4105 3298 10778 2782 4073 3247 10728 2553 3944 3234 10353 4335 6249 4870 16414 2237 3465 2839 9079 3917 5449 4157 14335 2216 3423 2788 8964 2937 4259 3339 11183 2134 3307 2718 8678 2855 4245 3414 11176 2443 3651 2945 9604 2361 3493 2800 9194 1980 3061 2508 8034 4147 5800 4438 15247 3534 5093 3979 13386 2794 4166 3331 10942 2416 3647 2950 9577 4728 6810 5288 17889 2556 3948 3272 10400 3368 4832 3817 12754 4133 5876 4546 15450 3331 5007 4048 13172 2258 3543 2915 9273 2422 3725 3050 9780 2584 3906 3187 10283 2460 3730 3041 9811 2358 3633 2973 9534 3239 4817 3854 12665 3131 4588 3653 12085 2657 4053 3330 10678 2729 4067 3265 10687 3185 4735 3747 12402 2452 3795 3083 9925 2816 4106 3253 10807 3728 5471 4323 14381 2093 3109 2511 8199 2841 4120 3301 10898 2617 3972 3219 10428 3130 4720 3818 12403 2507 3828 3136 10063 3746 5541 4396 14543 2422 3715 3039 9761 2628 3906 3161 10307 2449 3647 2934 9605
2018-7-31 11:40:0 3404 5026 3945 13162 3576 5105 4004 13467 2208 3385 2774 8899 2435 3636 2919 9557 2396 3662 2980 9614 2283 3446 2790 9054 2927 4415 3550 11592 2901 4316 3447 11338 2595 3917 3168 10292 3355 5022 4016 13189 2119 3301 2709 8648 4048 5727 4453 15105 2768 4151 3341 10906 2796 4227 3425 11104 2602 3995 3255 10473 3676 5500 4461 14504 2271 3487 2850 9155 2913 4450 3635 11706 2540 3841 3096 10079 2844 4243 3429 11184 2255 3421 2779 8990 2420 3719 3023 9745 4573 6449 4979 16985 2827 4093 3227 10772 2277 3483 2828 9137 1757 2762 2302 7255 2658 4010 3257 10552 2652 4023 3280 10587 3466 5018 3970 13229 2912 4275 3378 11213 2752 3998 3154 10505 2143 3240 2655 8546 2181 3285 2681 8658 2490 3671 2948 9680 3024 4354 3421 11481 2282 3489 2881 9205 3292 4842 3844 12736 3163 4607 3601 12082 2275 3509 2873 9209 1960 3063 2524 8029 2918 4431 3591 11639 3025 4517 3619 11864 3621 5071 3941 13395 2202 3360 2745 8832 2472 3678 2955 9678 1892 2941 2422 7716 6511 8898 6711 23506 3226 4835 3885 12704 2249 3491 2865 9154 2943 4273 3378 11252 2090 3151 2555 8287 2331 3535 2881 9299 2291 3484 2827 9148 4870 6903 5425 18291 2562 3840 3073 10070 2659 4007 3227 10524 2742 4003 3168 10529 2392 3645 2964 9569 5131 7369 5724 19387 2046 3085 2517 8129
2018-7-31 11:41:0 2260 3397 2736 8923 2564 3787 3034 9981 1976 2981 2423 7853 2686 3952 3147 10403 1792 2785 2288 7308 3531 5138 4039 13502 2140 3198 2581 8416 3241 4830 3869 12699 2543 3882 3142 10174 2854 4196 3334 11030 2381 3602 2920 9468 2467 3681 2970 9689 2145 3248 2633 8533 4451 6349 4906 16685 2599 3931 3179 10328 1778 2773 2298 7287 3858 5547 4371 14633 2033 3121 2554 8198 2302 3500 2831 9190 2867 4394 3583 11526 2192 3344 2720 8784 2154 3300 2688 8660 2731 4103 3301 10774 2790 4146 3340 10904 3422 5128 4112 13479 3720 5399 4266 14232 2991 4299 3380 11339 2156 3327 2709 8718 2019 3132 2585 8228 3490 4994 3926 13171 2404 3681 3003 9667 3196 4695 3723 12348 2921 4404 3539 11561 2467 3700 2983 9727 2407 3592 2890 9448 2712 3951 3131 10416 1983 3030 2465 7959 2926 4333 3477 11411 1707 2641 2179 6944 2932 4431 3570 11636 2383 3564 2872 9369 3089 4545 3614 11957 1847 2865 2361 7526 2119 3203 2598 8431 3403 4663 3569 12363 1965 3010 2471 7917 3064 4517 3582 11864 2447 3775 3064 9881 2496 3822 3107 10029 1943 3010 2486 7911 2236 3405 2777 8954 3448 5198 4225 13698 2594 3958 3226 10403 2874 4363 3532 11467 2083 3166 2571 8319 3111 4564 3629 12013 1984 3053 2503 8020 2129 3229 2624 8486 2617 3977 3243 10463 2569 3860 3101 10134
2018-7-31 11:42:0 2355 3579 2906 9403 2950 4367 3499 11496 2728 4172 3374 10927 3436 5114 4070 13427 3015 4470 3553 11732 3177 4568 3608 12051 2443 3707 3004 9734 4351 6172 4793 16269 2935 4333 3474 11427 3606 5438 4398 14307 2475 3780 3069 9916 3425 5160 4183 13590 1967 3054 2521 8024 5904 8058 6238 21423 6013 8375 6419 22112 2806 4225 3379 11069 2566 3919 3197 10300 2667 4016 3242 10554 2658 3950 3174 10395 2535 3864 3141 10148 3203 4830 3853 12647 2828 4223 3410 11131 1811 2823 2336 7414 3756 5377 4218 14167 3006 4518 3611 11839 3912 5759 4578 15162 2702 4048 3242 10628 2638 3935 3168 10352 2987 4596 3748 12066 3401 5020 3986 13192 3074 4628 3735 12166 2142 3299 2696 8658 2610 3914 3156 10290 3051 4549 3655 11964 2952 4500 3642 11804 3036 4452 3530 11702 2308 3514 2857 9232 2263 3466 2826 9100 3587 5401 4289 14139 2768 4186 3385 11002 3856 5623 4469 14822 4599 6510 5030 17134 3058 4533 3585 11884 3260 4773 3746 12512 2627 3926 3154 10321 3018 4539 3656 11929 2840 4316 3484 11313 3437 5123 4084 13441 3234 4711 3731 12409 2234 3408 2775 8954 3562 5071 3940 13350 2527 3834 3104 10068 2321 3561 2902 9341 3328 4981 4002 13096 3342 5037 4097 13278 2871 4214 3332 11067 2978 4162 3214 10987 4122 5730 4390 15114 2951 4460 3611 11721 2454 3740 3036 9817
2018-7-31 11:43:0 2577 3924 3157 10277 3867 5715 4578 15064 2413 3691 3006 9686 6635 9311 7251 24668 3523 4195 3379 13506 2780 4238 3406 11086 2596 3944 3189 10349 3296 4816 3786 12653 1834 2846 2335 7465 2968 4472 3590 11733 2721 4111 3303 10778 3163 4681 3721 12294 2793 4259 3445 11170 2720 4063 3260 10684 2370 3595 2892 9422 2645 4001 3221 10492 2706 4113 3333 10802 2995 4451 3552 11687 2670 4011 3236 10542 3812 5479 4322 14459 2697 4019 3237 10574 3577 5101 4016 13471 3878 5469 4320 14500 2556 3796 3085 10021 5506 7327 5610 19523 3901 5444 4282 14446 2907 4224 3406 11185 2536 3735 3043 9888 2709 3921 3184 10410 3887 5403 4296 14402 3352 4526 3550 12094 2599 3645 2954 9746 4306 5577 4471 15143 3545 4663 3772 12648 4318 5559 4427 15126 3441 4481 3576 12153 2917 3927 3187 10610 4312 5386 4188 14620 5843 7142 5635 19589 4702 5759 4616 15841 3658 4574 3757 12611 4444 5396 4388 14965 6100 6573 5441 18787 4752 5217 4294 14844 3915 4318 3585 12287 6440 6699 5459 19213 6473 6735 5608 19417 6421 6057 5187 17561 14226 12877 10839 37466 5683 5269 4526 15262 10511 9283 8102 26712 13456 10943 9991 27841 12561 10142 6825 23858 11451 9056 8684 21880 12861 10393 9596 24128 8028 6445 6082 16742 10356 8298 7651 19968 11945 9516 8893 23905 14515 11603 10761 26712 20723 17345 16830 36547
2018-7-31 11:44:0 437 289 305 456 502 332 350 523 571 375 395 596 545 358 378 569 519 338 357 544 694 443 467 731 773 491 517 813 844 548 578 886 662 435 459 692 721 477 503 753 693 457 482 724 501 335 354 522 517 348 367 538 444 307 324 460 484 334 353 502 699 468 494 728 693 452 477 724 604 397 419 629 773 506 534 807 816 533 564 851 980 633 669 1025 1026 658 695 1073 1228 787 831 1286 1061 679 717 1111 1492 956 1009 1562 1941 1244 1313 2036 2226 1421 1499 2336 2393 1529 1614 2513 2433 1557 1643 2555 2507 1601 1689 2633 2399 1532 1616 2518 2276 1462 1542 2383 2243 1437 1516 2347 2414 1570 1655 2524 2393 1582 1666 2501 2407 1592 1677 2517 2572 1695 1785 2689 2413 1597 1683 2520 2182 1448 1526 2277 2201 1460 1539 2297 2332 1543 1627 2435 2311 1530 1612 2413 2114 1405 1481 2206 2018 1344 1417 2105 2011 1338 1411 2097 1997 1327 1399 2082 2091 1389 1464 2181 1478 980 1035 1538 1251 825 872 1301 1727 1151 1215 1798 1822 1212 1279 1898 2128 1410 1486 2220 2190 1448 1527 2285 2123 1405 1481 2214 2151 1423 1500 2243 2489 1638 1726 2599 2628 1725 1818 2746 2606 1712 1805 2722 2575 1692 1784 2690 2812 1840 1939 2940
2018-7-31 11:45:0 2784 1809 1907 2913 2837 1842 1942 2970 2826 1834 1934 2959 2806 1822 1921 2938 2840 1842 1943 2973 2949 1910 2014 3089 2946 1908 2012 3085 2959 1917 2021 3099 2971 1924 2028 3111 2973 1925 2030 3114 2989 1936 2041 3130 2995 1939 2044 3137 3010 1948 2054 3153 3024 1956 2062 3168 3032 1962 2068 3177 3048 1971 2078 3193 3025 1957 2063 3170 2992 1937 2042 3134 3015 1951 2057 3159 3022 1955 2061 3167 3038 1964 2070 3184 3048 1971 2077 3195 3041 1966 2073 3187 3054 1974 2081 3201 3061 1979 2086 3208 3059 1978 2085 3206 3055 1975 2082 3202 3031 1961 2067 3176 3038 1965 2072 3184 3043 1968 2075 3189 3049 1971 2078 3195 3036 1964 2070 3182 3005 1945 2050 3149 3007 1950 2056 3151 2893 1884 1986 3029 2859 1863 1964 2993 2866 1867 1969 3000 2837 1851 1952 2969 2775 1812 1911 2904 2755 1800 1898 2883 2756 1799 1897 2884 2745 1790 1888 2872 2707 1767 1863 2832 2683 1751 1847 2806 2630 1719 1813 2751 2551 1669 1761 2667 2376 1560 1645 2481 2102 1378 1455 2192 1817 1192 1259 1893 1699 1109 1172 1769 1587 1022 1080 1654 1520 972 1027 1584 1419 903 955 1479 1025 670 708 1067 1155 746 788 1204 1070 697 737 1114 847 567 600 881 984 646 683 1023 1331 851 899 1388 1510 965 1020 1574
