METADATA
initial_wait: 1
measures: 60
period: 1
depth: 2.00
lat: 0.00
lon: 0.00
timestamp: 2106-2-6 6:28:16
sample_counter: 1
name: 10
maker: ICM-CSIC
curator: ICM-CSIC
email: 
sensors: TCS34725
description: KduinoPro2
place: Loch Leven
units: counts, counts, counts, counts
DATA
DATE HOUR RED GREEN BLUE CLEAR
2018-7-31 11:35:0 31 21 23 32 32 22 23 33 34 23 24 34 39 26 28 40 45 30 32 46 37 25 27 38 35 24 25 36 37 25 27 38 48 32 34 49 50 33 35 51 38 26 27 39 42 28 30 43 44 29 31 44 44 29 31 45 39 26 28 40 33 22 24 34 31 21 23 32 32 22 23 33 37 25 26 37 38 25 27 38 33 22 23 33 27 18 19 27 71 49 52 72 224 156 165 229 1270 862 908 1325 1254 828 873 1311 1254 804 848 1312 1185 764 807 1236 99 68 72 102 131 90 95 135 163 112 118 167 178 122 129 182 134 92 97 137 77 54 57 79 62 48 51 64 238 163 172 245 350 238 252 362 865 596 628 897 1057 722 761 1098 197 134 141 204 52 36 38 53 58 42 44 60 56 40 42 58 37 26 27 38 44 32 34 46 48 35 37 50 60 42 44 64 76 53 55 83 94 64 67 101 106 70 74 111 98 65 69 102 81 54 57 85 64 44 47 67 68 46 49 71 65 44 47 68 61 42 44 64 63 43 45 66 63 43 45 65 66 45 48 69 63 43 45 65
2018-7-31 11:36:0 2084 1610 1603 3331 1840 1469 1457 3109 1426 1196 1180 2558 1396 1153 1157 2368 2121 1663 1686 3218 2545 1982 1973 4047 2879 2244 2239 4451 1910 1532 1526 3143 1263 1109 1093 2428 1316 1130 1114 2457 2238 1692 1702 3367 2191 1631 1646 3218 1999 1525 1528 3092 2037 1626 1609 3416 2220 1700 1700 3514 2504 1893 1898 3863 3503 2691 2674 5461 2989 2221 2249 4264 2662 1981 2007 3822 2620 1961 1980 3819 2809 2111 2124 4127 2478 1901 1911 3759 2517 1941 1955 3789 2745 2120 2148 3990 2842 2210 2234 4170 2743 2123 2144 4066 2734 2108 2130 4043 2532 1947 1965 3760 2560 1939 1954 3806 2537 1912 1929 3761 2518 1908 1922 3753 2508 1879 1897 3720 2317 1750 1759 3525 2316 1752 1760 3532 2345 1765 1778 3529 2283 1699 1717 3367 2334 1761 1769 3519 2031 1578 1569 3257 1393 1130 1116 2400 2448 1788 1798 3572 1917 1428 1433 2898 1342 1194 1145 2604 904 857 823 1926 536 538 510 1220 242 285 262 679 944 898 826 2113 6243 5271 5024 11193 1024 987 908 2326 840 840 777 2017 2114 1910 1774 4034 7162 5836 5753 11785 21980 18548 17806 38560 452 498 446 1153 654 676 617 1633 2136 1977 1908 4471 136 215 180 520 1461 1459 1480 3576 7285 6304 6118 13661 2574 2366 2386 5510 1711 1661 1648 4031
2018-7-31 11:37:0 3112 4152 3405 11264 2829 3800 3174 10354 3819 4885 3942 13343 3287 4331 3546 11777 3257 4198 3386 11439 2537 3420 2849 9307 4865 6681 5636 18220 2360 3213 2700 8728 2830 3815 3184 10381 3071 4092 3385 11138 4022 5274 4306 14364 4302 5348 4153 14510 5083 6123 4755 16780 3867 5065 4106 13779 3008 3947 3202 10707 3765 4807 3866 13106 3795 4752 3781 12962 2518 3383 2828 9217 3300 4211 3393 11475 5103 6353 5002 17318 2827 3823 3169 10367 4538 5799 4637 15809 2823 3821 3188 10386 7025 8212 6218 22512 2891 3776 3119 10322 3094 4077 3309 11067 3423 4507 3679 12263 3017 4037 3350 10987 3877 4835 3858 13210 3803 4667 3657 12737 3156 4200 3491 11454 8553 10069 7528 27454 2880 3886 3251 10594 3470 4624 3841 12612 3176 4144 3359 11257 4308 5617 4500 15220 2870 3829 3171 10430 2518 3360 2776 9130 4272 5570 4535 15182 4268 5407 4258 14681 4671 5945 4721 16170 2615 3487 2873 9475 3988 5249 4288 14286 2759 3716 3093 10114 3764 4950 4051 13493 4610 5963 4817 16245 2800 3755 3107 10196 3812 4906 3939 13344 4514 5591 4413 15296 2714 3700 3123 10084 2685 3610 3006 9818 4609 5965 4819 16243 3096 4186 3460 11368 2479 3370 2815 9149 2878 3810 3161 10390 3572 4604 3699 12516 4361 5778 4741 15737 2607 3502 2920 9531 2892 3799 3100 10332 4028 5363 4416 14601
2018-7-31 11:38:0 2371 3257 2770 8874 3140 4136 3372 11242 5042 6609 5411 18038 3562 4653 3802 12684 3443 4571 3755 12437 3969 4936 3904 13475 3206 4241 3521 11587 2780 3750 3100 10179 3832 4986 4050 13582 3477 4536 3699 12360 3678 4857 4003 13240 3916 4893 3893 13360 3859 4940 3896 13387 4076 5254 4315 14421 3251 4285 3528 11677 3175 4162 3407 16199 3682 4838 3970 13180 3845 5151 4333 14098 3947 4981 3988 13622 3453 4545 3725 12372 3165 4150 3403 11299 3142 4233 3501 11498 3617 4847 4047 13233 3766 4840 3882 13178 3889 5224 4298 14187 3146 4216 3471 11444 4125 5365 4366 14646 2159 2927 2465 7982 7578 9215 7142 25196 3752 4783 3819 13021 3353 4357 3543 11871 3272 4307 3519 11711 2917 3833 3157 10452 3723 4898 4032 13362 2544 3491 2932 9481 4517 5897 4794 16066 2996 3935 3215 10694 4077 5036 4015 13793 4284 5465 4410 14958 2617 3464 2891 9464 7452 9950 8267 27167 3543 4618 3757 12588 2457 3362 2832 9149 7844 9284 7087 25456 2595 3562 3018 9709 3526 4626 3810 12633 3340 4467 3684 12134 2910 3931 3258 10665 3023 3936 3231 10732 3781 5028 4171 13715 2858 3842 3203 10465 4130 5457 4492 14877 4159 5503 4488 14979 3554 4705 3894 12838 3512 4512 3633 12283 3678 4666 3705 12697 3792 5025 4189 13743 2810 3781 3161 10306 3520 4649 3808 12651 5123 6542 5214 17786
2018-7-31 11:39:0 3728 4768 3831 12993 2645 3653 3103 9944 4164 5580 4673 15256 2955 3953 3301 10785 4114 5145 4100 14052 3090 4143 3453 11281 2954 3962 3309 10799 5586 7485 6235 20455 3026 4022 3306 10950 4704 6225 5127 16989 4247 5537 4512 15096 2442 3321 2806 9051 4193 5173 4144 14226 4339 5785 4763 15751 2942 3960 3299 10774 4556 5748 4563 15657 4034 5483 4563 14903 3427 4394 3582 12029 4780 6288 5091 17106 3762 4930 4018 13435 3287 4187 3350 11423 5838 7629 6275 20874 3038 4023 3329 10969 2846 3872 3244 10530 3764 4966 4071 13516 3010 4159 3536 11330 4237 5512 4512 15051 2774 3798 3210 10339 3966 5210 4298 14233 2992 4061 3407 11050 3369 4492 3727 12239 2952 3936 3278 10736 6251 7604 5823 20742 2881 3875 3252 10575 3927 5263 4351 14316 2913 3951 3284 10717 4401 5611 4442 15261 3251 4393 3679 11988 3416 4548 3734 12362 2636 3623 3064 9864 4277 5461 4413 14918 2549 3496 2958 9509 4320 5712 4739 15605 3699 4797 3898 13082 2882 3762 3104 10293 3571 4666 3804 12731 2181 3040 2596 8265 4478 5950 4915 16212 3707 4844 4026 13270 5045 6585 5356 17942 4154 5543 4615 15132 4339 5628 4567 15348 2741 3808 3253 10368 3631 4774 3897 12985 2817 3779 3162 10304 3932 4910 3944 13482 3729 4934 4115 13508 3411 4469 3664 12181 3246 4342 3604 11812 3355 4397 3630 12009
2018-7-31 11:40:0 3972 5206 4238 14178 4052 5104 4079 13954 4024 5268 4311 14386 2574 3493 2934 9512 4299 5647 4618 15377 3367 4470 3685 12177 3124 4235 3569 11559 4102 5311 4297 14487 2888 3824 3174 10439 3713 4837 3949 13196 3900 5054 4093 13773 2898 3944 3310 10737 5129 6469 5015 17534 2687 3627 3028 9875 4000 5220 4248 14210 2958 3982 3351 10880 5813 7420 5938 20239 2386 3279 2774 8922 3562 4835 4032 13152 3339 4456 3701 12140 2767 3726 3111 10142 7800 9331 7162 25465 2824 3754 3126 10268 3648 4700 3815 12838 6988 9657 8408 26663 2794 3724 3099 10150 5104 6501 5215 17762 2928 3948 3295 10753 2786 3730 3098 10168 3830 4969 4048 13570 3146 4191 3497 11446 2630 3521 2945 9605 6781 8271 6382 22579 5777 7126 5673 19588 2396 3248 2735 8856 3122 4103 3393 11207 3609 4710 3847 12831 5666 7127 5682 19505 3283 4283 3527 11716 2900 3823 3175 10466 3769 5226 4467 14247 3040 4179 3498 11335 2427 3304 2789 9010 3496 4332 3484 11941 3645 4664 3724 12720 2841 3853 3201 10468 3182 4165 3418 11352 4424 5645 4571 15453 2417 3240 2704 8833 5370 6538 5038 17848 2969 4002 3325 10884 3178 4117 3373 11251 3110 4133 3436 11279 2660 3553 2958 9688 3529 4655 3831 12695 3716 4787 3859 13033 5687 7440 6086 20340 2542 3446 2895 9391 7077 8511 6567 23346 3102 4071 3341 11094
2018-7-31 11:41:0 2331 3187 2691 8685 3126 4118 3373 11221 3646 4768 3877 12995 3888 4939 3880 13430 4348 5604 4500 15266 2627 3522 2942 9609 3076 4097 3408 11180 3883 5041 4098 13760 3701 4828 3900 13140 3872 5039 4080 13721 4585 5525 4333 15193 3329 4326 3527 11803 3243 4324 3571 11778 2985 3927 3240 10725 3507 4574 3734 12482 3348 4404 3615 12014 5082 6388 5071 17473 6203 7797 6168 21284 3301 4285 3501 11712 3329 4337 3549 11842 3193 4278 3541 11648 2828 3818 3172 10382 4684 6042 4860 16466 2784 3697 3050 10070 2805 3761 3123 10250 3178 4228 3492 11517 2894 3835 3172 10449 3398 4431 3606 12079 3189 4271 3533 11628 2855 3839 3188 10453 5165 6577 5256 17968 2655 3536 2956 9660 4590 5861 4702 16011 4891 6297 5064 17186 3617 4676 3794 12765 3841 5002 4077 13652 3386 4434 3630 12092 2822 3756 3118 10241 5039 6083 4683 16673 2539 3422 2860 9328 3806 4874 3934 13312 2977 3961 3275 10805 4371 5778 4705 15717 2707 3612 3009 9859 3045 3994 3300 10921 4597 5773 4595 15777 2457 3369 2833 9154 2930 3939 3245 10687 3741 4900 3987 13344 3042 4013 3324 10967 10169 12379 9626 33994 4738 6051 4846 16500 2870 3766 3105 10278 6575 8113 6451 22301 3736 4869 3973 13287 5996 7344 5734 19998 2974 3840 3153 10507 3329 4345 3544 11849 8595 10355 7648 28088 3172 4224 3484 11511
2018-7-31 11:42:0 2985 4013 3331 10917 2888 3887 3222 10566 3756 4932 4033 13436 3341 4444 3695 12147 3904 4729 3693 12955 7079 8780 6833 23944 3449 4522 3688 12317 2982 3935 3678 10739 5902 6832 5179 18837 2951 3932 3258 10716 3430 4607 3788 12512 3093 4146 3416 11263 3062 4030 3298 10985 3152 4150 3419 11313 3570 4731 3903 12886 2887 3958 3342 10782 3843 5043 4131 13761 2929 3876 3210 10573 2821 3742 3107 10206 2911 3911 3252 10647 4335 5572 4471 15180 3204 4241 3490 11548 3779 4884 3980 13334 3232 4258 3515 11616 2603 3562 2990 9686 3519 4631 3795 12636 5211 6670 5309 18096 2647 3576 2991 9733 3087 4161 3489 11352 3613 4752 3889 12957 4084 5337 4332 14543 2343 3217 2718 8750 4283 5684 4661 15468 4517 5858 4728 15944 3258 4250 3497 11613 3557 4694 3821 12758 2535 3478 2915 9447 2389 3269 2749 8885 4677 6092 4948 16597 3332 4356 3581 11895 2598 3571 3035 9734 8666 10273 7855 28164 2512 3463 2943 9433 7105 8906 7017 24339 3132 4195 3464 11404 3553 4688 3847 12771 4032 5199 4195 14155 3176 4158 3418 11357 3267 4262 3495 11639 4199 5489 4470 14966 3073 4105 3397 11167 2745 3694 3076 10050 3371 4429 3621 12061 2980 3982 3303 10853 3345 4456 3671 12113 2694 3661 3059 9950 3429 4509 3695 12287 4380 5642 4570 15412 4063 4999 3948 13682 2909 3876 3221 10565
2018-7-31 11:43:0 4045 5255 4303 14363 4003 5164 4160 14066 3431 4535 3696 12322 3497 4568 3738 12459 3451 4519 3725 12344 3193 4236 3498 11537 4065 5317 4328 14484 3094 4171 4509 11316 3309 4304 3493 11718 3187 4219 3455 11481 3657 4817 3944 13119 2914 3879 3211 10564 4683 5940 4734 16195 3591 4667 3791 12721 3765 4795 3866 13100 3188 4208 3450 11455 3024 4056 3358 11032 3972 5191 4230 14138 3656 4855 4015 13235 3489 4533 3705 12368 4237 5437 4389 14858 3063 4063 3349 11061 3929 5080 4119 13850 3542 4719 3900 12864 2846 3790 3138 10323 4129 5379 4379 14675 3156 4166 3420 11344 3722 4776 3868 13035 2897 3866 3195 10526 5907 7820 6492 21419 2362 3213 2703 8746 4103 5202 4164 14191 2690 3589 2979 9779 3052 3977 3263 10860 2899 3767 3092 10285 4655 5729 4531 15683 2669 3480 2883 14294 2719 3517 2915 9645 2341 3050 2558 8374 3762 4242 3312 11796 2590 3359 2803 9212 2081 2717 2295 7467 4312 5085 4016 14017 3161 3831 3104 10577 2828 3550 2890 9739 2096 2731 2298 7477 2938 3669 2987 10066 2586 3185 2594 8800 1396 1844 1601 5102 1812 2269 1910 6295 1135 1535 1353 4235 1362 1787 1536 4916 1120 1486 1296 4097 1392 1824 1571 5039 1098 1454 1286 4037 1057 1382 1233 3847 1443 1712 1510 4887 1765 1991 1710 5724 1262 1545 1295 4357 1076 1343 1189 3760
2018-7-31 11:44:0 455 302 318 493 462 306 322 499 489 323 340 525 461 306 322 497 444 294 309 484 467 309 325 507 571 377 396 622 646 428 450 703 599 400 420 657 631 423 444 693 594 398 418 655 553 374 393 608 551 375 394 601 508 352 370 558 625 427 448 687 654 451 470 762 605 423 440 720 589 413 429 703 618 431 448 733 621 433 450 738 677 471 489 802 708 492 511 836 777 533 554 911 789 538 560 925 874 593 618 1020 848 578 602 994 877 600 624 1029 1266 860 892 1472 1478 987 1026 1706 2768 1976 1965 3674 2849 2044 2025 3821 2946 2105 2086 3928 2960 2106 2090 3931 2973 2115 2098 3948 3012 2143 2125 4008 2975 2124 2102 3971 1331 889 924 1521 1010 674 711 1093 1035 683 724 1104 845 566 601 885 512 346 368 534 624 422 449 658 786 532 564 853 739 501 531 805 733 497 528 794 832 565 598 908 825 562 595 909 827 565 597 918 826 564 596 914 825 563 595 910 829 565 598 916 828 566 598 919 820 562 592 915 824 564 595 917 831 569 600 923 847 582 613 949 852 586 617 957 853 587 619 958 846 582 613 949 846 583 613 955
2018-7-31 11:45:0 879 602 639 958 876 600 637 955 879 602 639 958 872 597 634 949 868 594 631 944 866 593 629 940 864 592 628 938 857 586 623 929 853 583 619 924 852 583 619 923 851 582 618 921 853 583 618 923 843 577 613 912 839 574 610 907 831 569 604 897 828 567 602 894 831 569 605 897 829 568 604 894 830 569 604 895 831 569 605 896 826 566 602 891 823 564 599 887 823 564 599 887 821 562 598 885 816 559 595 880 814 558 593 878 817 560 595 880 818 561 596 881 821 563 598 884 820 562 598 882 820 562 598 883 817 560 596 880 819 561 597 883 822 564 599 886 826 566 602 890 830 568 604 893 828 567 603 892 832 570 606 896 828 568 604 892 817 561 596 880 819 562 597 882 819 562 597 882 816 560 595 878 816 560 595 879 819 562 597 882 822 564 599 886 818 561 597 881 817 560 596 880 818 561 596 881 817 560 596 880 814 558 594 877 814 559 594 877 818 561 597 882 831 570 605 897 830 569 605 896 797 547 582 860 782 537 571 844 805 552 587 871 809 555 590 877 814 558 593 882
