METADATA
initial_wait: 1
measures: 60
period: 1
depth: 2.50
lat: 0.00
lon: 0.00
timestamp: 2106-2-6 6:28:16
sample_counter: 1
name: 11
maker: ICM-CSIC
curator: ICM-CSIC
email: 
sensors: TCS34725
description: KduinoPro2
place: Loch Leven
units: counts, counts, counts, counts
DATA
DATE HOUR RED GREEN BLUE CLEAR
2018-7-31 11:35:0 51 34 37 52 60 40 42 61 52 35 37 53 88 59 62 91 77 51 54 79 69 46 49 71 93 62 66 96 79 52 56 81 72 48 51 74 68 45 48 69 74 49 53 76 79 52 56 81 82 54 58 84 71 48 51 73 64 43 45 65 53 36 38 54 53 36 38 54 59 40 43 61 67 45 48 68 55 37 39 56 48 32 34 49 51 34 37 52 1468 988 1042 1534 1533 992 1047 1603 741 495 522 771 22 15 16 23 14 10 10 14 7 5 5 7 1081 769 810 1117 359 240 254 373 26 18 19 27 5 4 4 6 6 4 4 6 4 2 3 4 8 6 6 8 6 4 4 6 7 5 6 8 5 4 4 5 1 1 1 1 1 1 1 1 3 2 2 3 2 2 2 2 2 2 2 2 4 3 3 5 4 3 3 4 3 2 2 3 4 3 3 4 4 3 3 4 10 7 8 11 74 53 56 76 137 98 104 141 120 77 81 124 95 69 73 98 715 482 510 745 1734 1133 1195 1818 1646 1512 1575 3232 1465 1372 1434 3008 1298 1095 1137 2362 1938 1520 1564 3083 2448 1905 1932 3764
2018-7-31 11:36:0 3131 2756 2705 5875 4683 3927 3826 8303 11718 9840 9390 20006 13472 11302 10811 22924 10264 8622 8220 17648 3514 2922 2862 6171 5165 4327 4206 9065 6704 5701 5520 12112 3668 2833 2749 5589 6426 5186 5006 10612 13262 11051 10564 22346 14138 11815 11306 23922 15515 13016 12464 26361 16176 13566 12992 27437 16110 13518 12946 27348 16108 13519 12949 27367 16196 13595 13024 27527 16284 13668 13091 27667 16334 13715 13136 27765 16189 13594 13019 27482 16093 13502 12931 27272 16163 13555 12984 27372 16874 14131 13539 28514 16063 13389 12829 27092 3102 2366 2282 4666 795 646 638 1379 767 622 614 1305 763 651 664 1384 704 715 708 1644 682 720 720 1711 1874 1697 1603 4185 304 379 342 970 691 718 693 1823 2088 1983 2001 4578 1527 1493 1525 3463 490 459 463 1019 2061 1608 1614 3289 1515 974 1028 1759 2092 1511 1570 2913 1814 1240 1300 2242 1430 986 1035 1776 4582 2940 3067 5375 2213 1642 1647 3330 1172 1120 1074 2523 5557 4841 4409 12604 3762 3495 3089 9582 2221 2243 1987 6309 2477 2483 2172 6915 3779 3649 3113 10252 5227 5148 4358 14435 5047 5049 4208 14179 5065 5229 4367 14635 3105 3253 2769 9105 4131 4448 3689 12291 3875 4834 4022 13104 2674 3375 2821 9139 2700 3363 2819 9123 5747 7071 5720 19096 2853 3960 3169 10365 3172 4466 3086 11612
2018-7-31 11:37:0 4846 6873 5448 17857 4360 6115 4780 15836 3412 5018 4075 13000 3115 4579 3723 11867 2958 4329 3524 11232 3303 4876 4033 12707 2153 3236 2683 8386 4351 6349 5146 16501 3274 4741 3851 12335 3440 5046 4102 13091 2893 4318 3558 11198 3501 5227 4333 13599 3136 4497 3596 11661 2587 3838 3154 9953 2467 3731 3098 9668 2887 4162 3362 10806 2915 4227 3424 10975 2704 3951 3221 10259 3536 5132 4163 13360 4058 5850 4689 15175 2896 4272 3497 11085 2597 3847 3161 9980 5574 7874 6262 20510 3218 4603 3647 11908 3328 4722 3778 12284 3408 4913 3936 12740 2642 3944 3226 10201 4496 6420 5131 16683 2821 4081 3285 10576 2950 4360 3554 11298 3187 4609 3722 11965 3363 4886 3971 12694 3340 4894 3952 12669 3209 4712 3851 12245 2582 3794 3117 9866 3746 5337 4279 13879 2988 4373 3520 11303 3814 5474 4368 14196 2667 3968 3247 10275 2572 3765 3073 9771 3123 4595 3737 11910 3058 4494 3622 11615 2714 4053 3350 10526 4236 5912 4684 15387 2847 4209 3414 10881 2453 3672 3034 9520 4301 5996 4727 15593 2527 3735 3060 9680 4299 6157 4946 16019 2674 4040 3354 10473 4490 6358 5079 16558 3500 5106 4143 13269 4019 5796 4635 15042 3987 5677 4516 14728 3014 4443 3604 11495 3422 4920 3938 12766 5636 7829 6171 20432 3456 4869 3901 12688 3893 5676 4563 14707 2492 3704 3034 9595
2018-7-31 11:38:0 6102 8138 6232 21258 2748 4060 3314 10523 2688 3940 3205 10219 3766 5465 4383 14164 3283 4868 3967 12613 3140 4568 3698 11859 2758 4115 3369 10658 3145 4568 3693 11853 4733 6632 5260 17286 2869 4240 3486 11021 3088 4462 3607 11590 4458 6309 4999 16388 3781 5231 4043 13550 4847 6855 5511 17902 5287 7169 5620 18757 3009 4357 3517 11303 4891 6859 5422 17837 3087 4574 3721 11837 4286 6273 5097 16313 2511 3687 3017 9580 5328 7327 5773 19145 4110 5834 4640 15156 4577 6567 5266 17072 4237 5978 4740 15537 3469 4920 3923 12790 2964 4361 3546 11305 2761 4096 3322 10579 3585 5125 4030 13237 3131 4536 3667 11773 2944 4371 3588 11340 3625 5224 4173 13539 6915 9577 7424 24878 3742 5309 4232 13800 3551 5183 4224 13474 4839 6560 5030 17044 2506 3763 3114 9759 2907 4253 3448 11023 3261 4788 3891 12418 4824 6781 5211 17487 3354 5019 4107 12999 2401 3615 2980 9354 5212 7298 5836 19095 3262 4897 4043 12707 3705 5270 4213 13705 3450 4991 3997 12928 3210 4624 3759 12049 2876 4222 3464 10980 3216 4646 3721 12044 4004 5714 4533 14813 3062 4455 3601 11548 2505 3749 3091 9716 4511 6413 5095 16656 2959 4370 3561 11326 2758 4010 3246 10400 3132 4604 3734 11927 2656 3877 3135 10041 3404 4842 3853 12565 3829 5581 4499 14468 4121 5910 4735 15356 3915 5650 4506 14627
2018-7-31 11:39:0 4127 5714 4506 14898 3011 4481 3671 11616 5119 6785 5144 17673 2906 4285 3497 11123 3411 4821 3842 12535 3297 4820 3924 12516 2973 4388 3617 11417 3934 5599 4469 14553 3362 4982 4078 12924 2891 4296 3512 11126 3754 5457 4415 14171 3299 4893 4004 12688 2969 4389 3578 11375 4856 6701 5210 17410 3573 5202 4233 13530 3286 4774 3864 12398 3233 4792 3949 12465 2503 3734 3053 9657 2887 4284 3506 11108 4525 6476 5178 16825 3179 4716 3843 12213 2708 4030 3302 10437 5029 7260 5906 18965 3150 4654 3807 12078 3272 4797 3936 12480 4233 6035 4844 15711 2999 4486 3686 11621 4659 6532 5143 16974 2525 3763 3098 9757 3580 5081 4052 13208 2488 3761 3098 9723 4204 5781 4524 15063 3267 4748 3854 12338 2814 4195 3439 10866 3012 4352 3532 11326 3864 5632 4540 14608 3039 4540 3715 11751 2876 4206 3425 10927 3267 4644 3738 12100 2969 4339 3522 11258 3664 5291 4200 13674 3916 5365 4180 13954 3443 5056 4130 13136 3050 4437 3577 11506 2838 4272 3496 11038 3316 4958 4061 12839 2933 4317 3525 11202 4441 5924 4515 15427 5481 7768 6205 20255 2812 4187 3428 10841 2805 4180 3424 10828 3264 4698 3816 12236 2812 4144 3430 10801 3509 5253 4317 13627 3655 5229 4179 13575 4303 6082 4824 15808 3002 4358 3544 11337 7291 9875 7750 25902 4207 5780 4523 15060 4082 5819 4649 15125
2018-7-31 11:40:0 3841 5486 4371 14245 4139 5897 4724 15353 2488 3720 3061 9639 4098 5757 4541 14952 3005 4464 3640 11562 3520 5152 4184 13387 3266 4685 3766 12178 3473 5079 4137 13198 2830 4205 3457 10916 3064 4326 3429 11229 6150 8799 7039 22915 3485 5093 4122 13211 2995 4493 3708 11654 3340 4865 3917 12604 2805 4121 3359 10697 3994 5580 4409 14535 3636 5167 4136 13442 3278 4734 3797 12273 3204 4674 3755 12093 2584 3826 3143 9935 2608 3829 3149 9965 2652 3924 3229 10201 3180 4657 3745 12045 2680 3957 3244 10274 3658 5069 4025 13221 2516 3778 3109 9779 4962 6902 5402 17929 3108 4582 3727 11880 2963 4339 3517 11246 2505 3744 3090 9716 2367 3548 2920 9187 2995 4389 3565 11388 3187 4558 3659 11846 2681 3984 3287 10356 3912 5625 4520 14621 4162 5690 4453 14853 3794 5467 4357 14167 2932 4298 3502 11160 2828 4155 3382 10779 2789 4067 3310 10563 3096 4346 3476 11344 2557 3721 3047 9690 2711 4009 3277 10397 4704 6571 5153 17075 2515 3716 3065 9668 2424 3614 2978 9377 3166 4690 3795 12129 3266 4773 3826 12340 2763 4026 3277 10465 2660 3935 3223 10209 3603 5395 4502 14066 6175 8399 6517 21948 2922 4202 3389 10931 4745 6974 5660 18103 2596 3834 3175 9992 3426 4844 3864 12605 3764 5331 4219 13835 2906 4329 3543 11216 2712 4024 3276 10412 3407 4976 4075 12975
2018-7-31 11:41:0 3088 4446 3578 11555 3272 4792 3866 12412 3490 5097 4098 13203 3125 4632 3763 11990 4249 6009 4775 15640 2836 4201 3417 10874 2721 4075 3326 10533 3415 4955 3982 12847 4033 5649 4396 14625 4182 5986 4824 15601 3577 5187 4139 13417 2817 4228 3476 10948 4800 6681 5235 17385 3067 4534 3681 11739 3584 5199 4194 13505 2508 3739 3070 9690 3945 5471 4285 14225 2861 4257 3466 11013 3544 5075 4071 13191 3929 5624 4474 14584 3111 4581 3728 11881 3051 4474 3626 11598 3577 5149 4129 13364 3010 4440 3612 11510 3091 4508 3662 11708 3836 5578 4481 14460 2762 4087 3348 10607 2875 4274 3484 11062 3279 4693 3765 12196 4120 5726 4443 14849 3779 5388 4286 13990 4809 6727 5171 17372 2654 3910 3193 10145 3244 4739 3828 12281 4237 6173 5016 16072 3162 4564 3668 11840 3130 4566 3704 11856 2996 4361 3530 11318 3111 4564 3705 11833 3542 5148 4145 13358 2842 4222 3444 10933 3794 5474 4388 14199 2457 3687 3045 9559 3197 4720 3811 12203 3248 4826 3912 12480 2440 3641 3007 9455 3536 4979 3970 12967 5753 7655 5889 19991 2555 3856 3170 9971 3622 5281 4234 13671 2746 3990 3237 10365 6021 7966 6260 20968 3399 4901 3939 12724 4744 6613 5140 17160 2921 4280 3479 11101 3355 4943 4004 12805 4456 6258 4894 16218 2871 4167 3379 10829 2938 4370 3549 11296 5046 7264 5801 18858
2018-7-31 11:42:0 3004 4392 3543 11376 3099 4496 3629 11670 2765 4020 3263 10444 4891 7107 5769 18520 3071 4517 3653 11693 2764 4088 3336 10596 4434 6251 4970 16294 4001 5759 4637 14982 4231 6202 5073 16160 4323 6360 5234 16584 3065 4452 3594 11550 3992 5653 4491 14702 2930 4353 3554 11278 3785 5409 4317 14056 3521 5029 3970 13017 3364 4867 3901 12614 2602 3872 3169 10033 2282 3416 2812 10390 4332 6096 4818 15842 2868 4230 3417 10937 5319 7280 5685 18999 2787 4136 3407 10749 3018 4448 3612 11528 2663 3932 3215 10208 4054 5771 4600 15007 2912 4303 3491 11135 3815 5479 4365 14207 4430 6544 5357 17016 3374 4910 3949 12726 3190 4566 3674 11879 3865 5570 4473 14473 2716 4035 3291 10445 3908 5665 4575 14731 3566 5055 4010 13128 3463 5003 4032 13004 3038 4429 3570 11475 2862 4225 3449 10962 2996 4337 3511 11276 3253 4797 3907 12447 3870 5730 4640 14826 4221 5922 4647 15382 4305 6034 4744 15690 3879 5487 4370 14277 2744 4051 3301 10499 4096 5631 4414 14673 4676 6515 5098 16931 3594 5144 4123 13371 3055 4424 3562 11475 3371 4882 3932 12674 2942 4347 3526 11251 6145 8505 6639 22152 2970 4362 3527 11297 3211 4633 3720 12024 3256 4680 3752 12151 3442 4981 4007 12931 5063 6877 5385 17976 3207 4641 3729 12042 4153 5753 4487 14948 2846 4212 3414 10898 2689 4005 3265 10361
2018-7-31 11:43:0 2711 4037 3284 10442 2933 4224 3395 10965 5240 6865 5128 17857 2982 4346 3491 11253 3480 5056 4048 13097 2566 3804 3094 9848 3618 5218 4174 13538 2995 4382 3524 11338 3964 5668 4558 14769 3675 5270 4204 13682 5170 7186 5601 18688 4160 5455 4210 14321 3246 4678 3758 12149 2487 3693 3012 9563 6283 7877 5746 20604 2370 3511 2866 9096 2656 3884 3136 10060 2710 3942 3190 10227 3115 4424 3525 11483 2622 3811 3091 9897 3314 4627 3688 12066 2650 3800 3086 9899 3320 4690 3820 12291 3434 4781 3819 12490 3381 4654 3742 12217 3036 4192 3391 11008 2718 3793 3062 9925 2475 3391 2746 8916 2584 3537 2889 9336 1949 2722 2247 7165 3862 5016 3986 13297 2310 3152 2576 8316 2346 3051 2488 8129 2675 3248 2589 8801 1438 1917 1626 5151 2948 3690 3025 9951 3228 4093 3362 11016 3662 4741 3963 12776 2858 3686 3016 9860 3037 3844 3164 10341 3141 3715 2995 10098 3246 3762 3123 10338 4261 4937 4071 13559 6397 6679 5262 18515 3870 4315 3733 12071 5875 5843 4881 16400 5616 5703 4828 16037 3858 4041 3459 11336 7371 7725 6818 22045 11284 11039 9211 31095 4655 4663 4031 13090 7522 7159 6106 20062 8086 7071 6288 19052 6476 5438 5048 13630 10291 8640 7879 21724 8732 7422 6712 17762 10966 9235 8403 21761 18382 15593 15034 32367 16433 14085 13572 28939 14496 12435 12014 25626
2018-7-31 11:44:0 117 79 84 125 95 65 69 102 107 72 76 115 135 90 94 144 238 153 161 252 432 271 285 457 454 285 299 482 376 239 251 400 332 213 224 354 373 238 251 397 657 416 438 694 185 123 129 200 98 68 71 110 98 67 71 111 179 119 126 196 368 238 251 394 309 201 211 333 236 155 164 257 116 80 83 134 118 81 85 138 127 88 91 151 160 112 115 197 162 113 116 198 170 121 122 215 204 147 148 266 236 171 171 310 278 201 201 365 206 142 147 238 202 133 140 210 204 134 142 213 175 115 122 181 96 66 70 99 94 65 69 98 95 66 70 99 95 66 70 98 93 65 69 97 93 65 69 97 94 65 69 98 94 65 69 98 93 65 68 97 94 65 69 97 91 63 67 95 95 66 69 98 94 65 69 98 95 66 70 99 94 65 69 98 94 65 69 97 92 64 68 95 85 60 63 88 84 59 63 87 86 60 64 89 89 62 66 93 90 63 66 93 91 63 67 94 93 65 68 97 94 65 69 98 94 65 69 98 89 62 66 93 93 65 69 97 89 62 66 93
2018-7-31 11:45:0 84 59 62 88 83 58 62 87 83 58 62 87 83 58 61 86 82 57 61 86 82 57 61 86 82 57 61 86 81 57 60 85 79 55 58 82 78 55 58 82 79 55 59 82 78 54 58 81 76 53 56 80 76 53 56 80 79 55 59 83 78 55 58 82 77 54 57 81 78 55 58 81 78 54 58 81 77 54 57 80 76 54 57 80 77 54 57 80 77 54 57 80 76 53 56 79 76 53 56 79 77 54 57 80 77 54 58 81 78 55 58 81 77 54 58 81 77 54 57 81 78 54 58 81 78 54 58 81 77 54 57 81 77 54 57 81 78 55 58 82 77 54 57 81 77 54 57 80 77 54 57 80 77 54 57 80 77 54 57 80 77 54 57 80 77 54 57 80 77 54 57 81 76 54 57 80 76 53 56 79 78 55 58 82 76 53 56 79 79 55 58 82 79 55 58 82 81 57 60 84 82 57 60 85 81 57 60 85 81 57 60 85 83 58 61 86 83 58 62 87 85 59 62 88 86 60 64 90 88 62 65 92 90 63 67 94 91 63 67 95
