METADATA
initial_wait: 1
measures: 60
period: 1
depth: 1.00
lat: 0.00
lon: 0.00
timestamp: 2106-2-6 6:28:16
sample_counter: 1
name: 8
maker: ICM-CSIC
curator: ICM-CSIC
email: 
sensors: TCS34725
description: KduinoPro2
place: Loch Leven
units: counts, counts, counts, counts
DATA
DATE HOUR RED GREEN BLUE CLEAR
2018-7-31 11:35:0 54 36 38 55 60 40 42 61 61 40 43 62 59 39 41 59 52 34 36 53 49 32 34 49 51 34 36 52 36 24 26 36 47 31 33 48 46 30 32 47 43 28 30 43 53 35 37 54 61 40 43 62 61 40 42 61 56 37 39 57 53 35 37 54 57 37 40 58 60 39 42 61 60 40 42 61 59 39 41 60 52 34 37 53 45 30 32 46 47 31 33 48 53 35 37 54 53 34 37 53 40 26 28 41 34 22 24 34 54 36 38 55 174 113 120 180 221 142 151 229 301 185 195 313 194 128 135 201 178 117 123 186 219 142 150 228 173 114 120 180 168 109 115 173 157 103 109 161 136 91 96 139 69 46 48 72 71 48 50 73 205 145 153 210 13 9 9 13 50 34 36 51 124 86 90 128 155 108 113 160 92 65 68 95 110 79 83 113 89 63 66 92 106 71 75 111 133 86 90 144 119 77 81 127 121 79 84 126 130 84 89 135 139 95 100 144 137 92 97 142 93 60 64 97 76 50 52 79 77 51 53 81 80 53 56 84 99 65 68 104
2018-7-31 11:36:0 1092 943 960 2146 1120 960 975 2166 1138 985 1015 2236 1277 1098 1137 2432 1116 975 999 2252 1101 980 1006 2326 1278 1125 1145 2651 1072 961 993 2312 1123 1007 1040 2426 1717 1492 1496 3489 2277 1939 1918 4432 1999 1672 1648 3716 2762 2302 2248 5098 9880 8026 8979 17322 11843 9574 9137 20613 12464 10087 9634 21762 12379 10038 9610 21690 11502 9328 8930 20144 11672 9467 9050 20402 12341 10012 9568 21571 12552 10171 9733 21912 12491 10120 9686 21802 12690 10277 9837 22133 12572 10179 9739 21899 12946 10489 10035 22565 12689 10290 9840 22150 12313 9987 9548 21504 12741 10324 9876 22218 12783 10354 9907 22282 12767 10339 9788 22247 12407 10050 9621 21635 12908 10452 10006 22490 13721 11091 10617 23859 13268 10762 10285 23177 7910 6495 6213 14134 12467 10100 9658 21783 12282 9939 9503 21416 12018 9701 9271 20829 11988 9687 9257 20854 11766 9534 9136 20577 1648 1468 1511 3532 1651 1442 1494 3399 2043 1773 1832 4007 2078 1784 1853 4101 1907 1592 1639 3608 1729 1400 1400 3112 1271 1138 1188 2801 1618 1475 1533 3656 14921 12282 11804 26311 19852 16199 15620 35017 19902 16279 15716 35256 21680 17791 17195 38742 15450 12718 12349 27866 16177 13329 12928 29197 18543 15224 14743 33089 17858 14645 14181 31786 15219 12544 12171 27443 13245 10914 10578 23873 7802 6462 6323 14345 14609 11965 11590 25901
2018-7-31 11:37:0 8744 8639 7267 25835 4780 4872 4222 14557 7658 7313 5995 21839 3805 4016 3534 11954 9381 9909 8600 29562 8769 8401 6936 25085 4855 5060 4463 15167 7889 8409 7614 25013 7459 6802 5438 20345 5750 5725 4771 17040 4492 4706 4156 14063 6248 5860 4863 17547 5500 5819 5129 17413 5187 5310 4577 15827 6133 6060 5297 18327 4976 5079 4391 15148 5053 5364 4697 15981 3803 3961 3464 11810 5688 5539 4615 16519 4303 4462 3897 13307 12650 12103 9937 36266 4777 4799 4099 14302 5753 6080 5347 18162 4728 4892 4175 14513 4929 5021 4333 14991 3697 3815 3336 11376 9618 9744 8117 28968 5428 5415 4512 16075 4445 4638 4094 13883 5665 5839 5072 17468 9182 9253 7918 27746 5045 5096 4377 15224 6647 6592 5373 19447 4739 4853 4159 14444 4038 4115 3536 12243 5627 5696 4905 17038 3878 4057 3542 12076 5688 5666 4783 16900 4331 4447 3869 13282 6371 6454 5541 19310 5600 5522 4611 16422 4667 4767 4098 14212 5443 5460 4610 16244 4609 4675 3937 13861 6276 6299 5251 18698 5645 5751 5000 17228 8984 8978 7766 27067 5768 5870 5046 17556 8123 8179 6786 24274 5787 5783 4890 17277 5077 5319 4632 15855 4266 4406 3824 13134 5578 5347 4426 15960 3846 4068 3614 12151 4357 4452 3841 13277 6635 7384 6497 21825 5211 5432 4785 16268 5899 5955 5090 17785 5656 5773 5001 17263 7258 7222 5986 21480
2018-7-31 11:38:0 5652 5846 5139 17548 6513 6359 5347 19045 5119 5124 4326 15253 7094 7019 5899 20992 4425 4575 3981 13636 4520 4625 3959 13773 7168 6974 5829 20862 4532 4723 4101 14057 4842 4942 4219 14700 9792 9419 7716 28101 4343 4401 3757 13093 4866 4949 4256 14780 9920 10902 9764 32607 5524 5394 4409 16067 5045 5069 4317 15123 5294 5318 4547 15881 5223 5262 4575 15801 4494 4629 3981 13777 4801 4808 4080 14355 3634 3770 3370 11317 6687 6566 5431 19520 4182 4341 3785 12944 5544 5606 4738 16652 6310 6027 4866 17977 3901 4066 3541 12104 4938 5039 4370 15074 5240 5403 4726 16181 4432 4535 3995 13606 6418 5840 4682 17440 4363 4438 3804 13219 5749 5754 4834 17159 3153 3362 3006 10029 10323 10241 8689 30770 6145 6094 5112 18191 4062 4142 3616 12382 5220 5333 4591 15925 5555 5609 4818 16773 5333 5225 4486 15725 8071 8055 6641 23911 3377 3543 3114 10538 6320 6393 5426 19091 4902 4752 3916 14136 6241 6231 5203 18512 4438 4562 3958 13622 6428 6655 5744 19842 3573 3746 3293 11157 9130 9515 8292 28564 4014 4172 3660 12460 8919 8591 7010 25619 4175 4304 3726 12821 4544 4607 3962 13741 4515 4956 4694 15072 9316 9355 7682 27688 4850 5064 4456 15145 7154 7196 6130 21539 4069 4245 3713 12653 5587 5808 5077 17341 5362 5390 4570 16066 4889 5047 4436 15126 5734 6042 5228 17944
2018-7-31 11:39:0 6258 6216 5278 18551 3936 4209 3731 12530 8847 8563 7120 25661 4022 4209 3680 12525 4832 4900 4191 14606 6488 6255 5105 18615 6342 6646 6004 20056 5146 5280 4532 15704 5052 5302 4665 15837 5822 5824 4870 17286 6070 6113 5223 18269 5547 5675 4836 16880 6053 6003 5053 17874 5255 5323 4559 15880 5101 5222 4523 15603 5996 6266 5418 18668 4982 5120 4414 15238 6945 7127 6141 21308 3620 3874 3460 11544 5892 5669 4824 17062 7143 7231 6095 21527 6761 7147 6347 21472 4733 5006 4467 15003 5492 5593 4801 16680 4955 5244 4544 15570 5223 5547 4858 16513 4023 4266 3779 12714 5390 5482 4650 16283 9290 9314 7989 27950 6742 6600 5510 19670 7048 6735 5507 20084 5237 5314 4550 16236 5838 5819 4984 17443 4081 4211 3655 12534 7771 7297 5757 21639 4090 4316 3792 12844 4221 4429 3890 13191 5725 6078 5355 18157 4801 4879 4194 14560 5353 5250 4330 15579 9667 9313 7580 27772 4702 4881 4288 14593 4958 5218 4520 15492 4910 4922 4140 14621 4737 4762 4084 14227 3774 4174 3941 12629 3580 3839 3400 11404 3904 4056 3545 12094 6230 6173 5173 18444 3779 3946 3446 11732 4504 4761 4166 17020 4277 4456 3882 13251 6499 6573 5652 19718 3875 3939 3389 11735 10910 10552 8603 31526 5515 5731 4997 17129 4153 4448 3996 13313 4585 4756 4154 14211 5365 5420 4683 16223 4153 4056 3461 12150
2018-7-31 11:40:0 6361 7001 6107 20703 3991 4186 3644 12439 5553 5585 4736 16639 5597 5720 4942 17104 7153 7211 6122 21581 3998 4133 3583 12304 5341 5578 4879 16654 7222 7269 6186 21745 5168 5281 4522 15729 4915 5043 4361 15034 5487 5564 4722 16567 5213 5333 4613 15927 4956 5104 4422 15240 5385 5466 4605 16226 6357 6618 5765 19773 5759 5846 4793 17231 6080 6207 5329 18534 7774 8013 6844 23809 3940 4072 3542 12123 6937 6974 5907 20802 4737 4881 4238 14561 7152 7192 6069 21431 5784 5801 4911 17291 4316 4318 3671 12882 6168 6282 5367 18741 3969 4154 3650 12382 7125 7212 6071 21487 5977 5977 5039 17810 5230 5295 4502 15778 5350 6006 5656 18071 5011 5133 4455 15353 5050 5128 4451 15349 3239 3438 3053 10235 3180 3384 2994 10077 4854 4831 4071 14417 3625 3788 3334 11302 5900 5881 4984 17546 6871 6792 5681 20326 6166 6051 5081 18108 5929 5641 4520 16819 4030 4201 3681 12533 7238 6910 5748 20749 4399 4465 3839 13313 3661 3656 3124 10950 5872 5780 4713 17106 4460 4612 4002 13746 5240 5235 4433 15621 3606 3699 3194 11008 3690 4105 3762 12270 4375 4509 3893 13419 8297 8277 7035 24840 4532 4560 3889 13620 3515 3690 3269 11028 6459 6643 5676 19791 4397 4447 3761 13189 4898 5318 4678 15694 3700 3800 3234 11231 3103 3249 2866 9670 5543 5617 4817 16783 8784 8569 7134 25657
2018-7-31 11:41:0 4496 4670 4030 13901 4217 4335 3745 12901 5870 5871 4979 17521 5040 5180 4446 15425 4656 4617 3979 14149 4482 4553 3916 13578 3758 3921 3437 11687 7369 7841 6985 23445 4083 4156 3558 12376 5437 5633 4930 16844 3974 4101 3560 12222 5759 5807 4923 17329 5304 5389 4591 16061 4494 4604 3969 13716 5082 5231 4482 15564 4831 4883 4177 14556 5666 5700 4851 16995 5321 5389 4575 16054 6745 6635 5534 19788 4073 4220 3658 12556 7953 7945 6645 23723 3872 4018 3493 11964 5009 5102 4354 15176 4992 5094 4374 15193 4717 4817 4125 14333 5410 5540 4742 16508 5776 5883 5007 17542 4376 4500 3860 13379 4493 4636 4004 13807 4747 4869 4189 14504 5540 5421 4664 16645 5695 5657 4765 16866 7753 7403 6001 22139 8062 7929 6515 23592 5571 5603 4769 16722 4206 4354 3823 13020 5184 5359 4606 15965 4191 4379 3793 13013 4476 4669 4056 13885 4769 4855 4169 14492 4517 4559 3900 13581 5340 5400 4591 16079 7837 7685 6354 22916 5346 5440 4666 16217 3674 3795 3295 11313 2949 3232 2949 9639 5041 5155 4418 15353 3970 4069 3516 12124 4817 4945 4273 14754 3907 4088 3583 12177 16394 15344 12561 32386 4609 4661 3990 13895 9205 8779 7190 26271 4840 5075 4436 15152 7240 7177 5992 21375 4775 4862 4174 14495 3936 4149 3663 12377 7576 7686 6539 22964 5797 5839 4967 17418 4959 5104 4425 15232
2018-7-31 11:42:0 5363 5445 4654 16242 4900 4984 4263 14852 7702 7747 6376 22961 6209 6235 5285 18607 4237 4307 3732 12876 9985 9796 8077 29259 8250 8821 7796 26425 4920 5034 4346 15022 5762 5781 4903 17231 4688 4820 4167 14375 4178 4348 3797 12956 6853 6839 5734 20409 6370 6374 5441 19072 5491 5538 4716 16517 5154 5350 4615 15928 4252 4369 3776 13017 5621 6993 6883 20969 4974 5043 4334 15050 3614 3771 3303 11231 6718 6747 5627 20065 4932 5211 4692 15691 3761 3926 3458 11709 5260 5286 4484 15752 7578 4317 3668 22500 8061 7551 6050 22532 4057 4260 3751 12714 4547 4722 4133 14104 6027 6016 5082 17950 9678 9560 7953 28604 4235 4487 3955 13371 4258 4394 3816 13090 5467 5544 4710 16512 5785 5813 4923 17332 3902 4149 3671 12362 5563 5483 4568 16312 5200 5282 4518 15741 4397 4606 4020 13711 4348 4456 3846 13262 6103 6377 5544 19008 5544 5711 4941 17048 5633 5631 4777 16807 6042 6083 5180 18160 4368 4468 3846 13310 5855 5936 5056 17690 4365 4547 3969 13552 4672 4796 4145 14292 4150 4283 3718 12764 6743 6840 5816 20408 5221 5249 4485 15673 4045 4113 3546 12258 4314 4421 3810 13163 6552 6717 5763 20048 5587 5137 4252 15457 5131 5226 4474 15565 4833 4978 4322 14857 6475 6593 5657 19703 4563 4806 4184 14311 6318 6371 5410 19025 5386 5334 4474 15880 5487 5529 4722 16501
2018-7-31 11:43:0 4461 4604 3969 13706 6039 6026 5059 17958 5316 5407 4620 16119 7292 7314 6187 21865 4986 5047 4323 15057 4027 4156 3587 12367 4899 5089 4380 15126 5741 5756 4904 17194 4862 4933 4232 14718 5749 5773 4907 17242 6074 6149 5214 18331 4968 5032 4296 15001 6268 6295 5351 18834 5709 5716 4853 17068 4770 4808 4097 14341 4527 4659 4012 13869 6547 6545 5544 19559 6042 6026 5064 17958 9420 9123 7400 27155 5197 5284 4513 15739 5415 5664 4932 16904 4844 4927 4225 14686 5954 5985 5059 17849 4882 4992 4282 14877 5187 5330 4586 15884 5825 5822 4890 17338 4103 4254 3705 12687 4806 4923 4244 14681 4980 5089 4361 15157 4760 4802 4082 14306 5633 5599 4713 16720 5432 5465 4671 16346 3905 4009 3481 11971 6693 6594 5535 19751 4858 4807 4097 14399 3841 3889 3371 11626 3586 3615 3132 10817 2974 3020 2624 9027 3150 3177 2752 9498 1214 1393 1327 4152 1128 1298 1248 3874 991 1158 1127 3455 901 1055 1035 3151 784 944 942 2819 756 904 901 2702 742 889 889 2659 827 973 956 2906 690 824 819 2459 681 805 805 2410 632 743 742 2225 549 650 651 1945 509 599 602 1792 481 567 570 1695 544 636 632 1900 727 808 807 2430 1317 1264 1234 3822 740 735 748 2174 544 538 554 1596 692 696 708 2068 1182 1143 1117 3392
2018-7-31 11:44:0 1731 1041 1106 1816 3336 1968 2092 3479 3416 2016 2142 3566 2719 1599 1698 2848 1489 901 956 1567 856 540 573 898 695 442 470 729 1031 632 670 1088 1887 1119 1188 1983 2221 1308 1390 2321 2245 1331 1415 2332 2427 1435 1526 2527 2333 1379 1465 2436 2504 1482 1574 2614 3462 2050 2179 3602 3972 2365 2513 4129 4245 2533 2692 4413 4203 2505 2661 4370 3345 2006 2131 3476 1034 638 678 1072 556 353 376 575 432 277 295 446 415 265 283 428 362 232 247 373 410 263 280 423 2015 1229 1305 2094 2601 1576 1674 2706 2691 1630 1731 2800 2248 1366 1451 2338 1007 626 666 1041 454 288 307 469 454 288 307 469 467 297 317 483 528 336 357 545 491 313 333 508 500 349 371 517 613 389 414 634 709 451 480 732 793 503 536 819 929 581 618 962 1052 659 700 1089 1245 777 826 1294 1376 860 915 1423 1022 650 691 1055 773 500 532 796 653 429 457 669 680 446 475 698 791 515 549 811 748 491 523 766 748 492 524 766 769 506 539 788 749 494 526 768 742 490 522 760 750 495 527 768 763 504 536 781 773 510 543 792 764 504 537 783 732 483 515 749 753 497 530 771 790 520 554 809
2018-7-31 11:45:0 690 455 484 707 708 466 496 725 691 455 484 708 680 448 477 697 650 430 458 666 613 406 432 627 616 408 435 631 613 406 432 628 595 395 420 610 595 394 420 609 580 385 410 594 587 389 415 602 562 373 398 576 576 382 407 590 556 370 394 569 522 347 370 535 508 338 360 520 508 338 360 520 501 334 355 513 482 321 342 493 491 326 348 502 509 339 361 521 504 336 358 516 496 331 352 507 475 317 338 487 483 322 343 494 486 324 345 497 473 316 336 484 459 306 326 470 475 317 338 486 474 317 337 486 464 310 330 475 469 313 333 480 480 321 342 492 504 336 358 516 514 342 364 526 506 337 359 518 499 333 355 511 487 325 346 498 489 326 347 500 486 324 345 497 478 319 340 489 473 316 336 485 486 324 345 498 483 322 343 494 477 318 339 488 484 323 344 496 481 321 342 493 487 325 346 499 482 322 343 494 475 317 338 487 481 321 342 492 477 319 339 488 479 320 341 491 471 315 335 482 478 319 340 489 474 317 337 486 486 324 345 498 493 328 349 505 501 333 355 514
