METADATA
initial_wait: 1
measures: 60
period: 1
depth: 0.50
lat: 0.00
lon: 0.00
timestamp: 2106-2-6 6:28:16
sample_counter: 1
name: 7
maker: ICM-CSIC
curator: ICM-CSIC
email: 
sensors: TCS34725
description: KduinoPro2
place: Loch Leven
units: counts, counts, counts, counts
DATA
DATE HOUR RED GREEN BLUE CLEAR
2018-7-31 11:35:0 48 35 37 49 46 34 36 47 45 34 36 46 43 32 34 44 42 32 33 43 43 32 34 44 43 32 34 44 24 18 19 25 30 22 23 30 30 22 24 31 28 21 22 28 43 32 34 44 47 35 37 48 47 35 37 48 45 34 36 46 44 33 35 45 51 37 40 52 54 40 42 55 53 39 41 54 53 39 41 54 53 39 42 54 50 37 39 51 45 34 36 46 45 33 35 46 48 35 38 49 49 36 38 50 41 30 32 42 32 24 25 33 84 61 65 87 366 254 269 377 1075 707 752 1115 502 331 352 518 1170 748 793 1217 1756 1095 1164 1828 1964 1238 1312 2053 1640 1029 1090 1719 1652 1036 1097 1732 1616 1008 1067 1697 1551 971 1028 1627 1529 960 1016 1603 1724 1085 1149 1805 1614 1010 1070 1693 1511 941 997 1586 1193 751 795 1259 517 352 372 537 126 90 95 130 57 43 45 58 205 162 170 210 446 350 367 456 312 244 256 319 305 234 246 311 336 255 268 343 328 244 257 336 423 303 319 437 540 380 400 561 351 251 265 363 237 167 177 244 270 189 200 277 156 112 118 161 210 151 159 215
2018-7-31 11:36:0 2627 2209 2238 4634 2336 1848 1879 3773 1476 1095 1110 2136 1038 805 816 1541 1058 893 893 1843 819 617 627 1190 1247 934 951 1747 1319 1061 1068 2042 1084 884 883 1711 1861 1579 1552 3119 1517 1227 1241 2293 1201 950 969 1771 1042 798 811 1579 1320 1061 1074 2121 2083 1720 1739 3598 2443 2111 2133 4619 1785 1773 1778 4099 1919 1876 1879 4300 4803 4140 4116 8964 3380 2912 2903 6210 2514 2106 2129 4488 2361 1936 1959 4094 2568 2174 2195 4705 2551 2125 2151 4547 2628 2235 2265 4848 2617 2226 2251 4823 2547 2141 2168 4597 2511 2129 2159 4580 2541 2170 2200 4695 2514 2136 2166 4602 2489 2093 2123 4501 2519 2123 2153 4586 2654 2252 2283 4878 2703 2290 2322 4959 2594 2177 2210 4716 2604 2177 2207 4704 2562 2146 2175 4636 2679 2265 2294 4927 2658 2256 2286 4914 2746 2332 2363 5081 2725 2339 2361 5078 2749 2363 2375 5121 2670 2378 2378 5240 1421 1435 1431 3337 1358 1372 1366 3180 1559 1481 1469 3325 1026 1088 1095 2568 858 921 932 2182 534 586 597 1376 623 655 658 1504 824 700 718 1495 401 436 418 959 684 699 678 1537 294 331 313 723 714 626 611 1311 1827 1311 1335 2570 1690 1199 1226 2351 3933 3577 3509 7569 16967 14912 14506 30825 15611 13680 13321 28327
2018-7-31 11:37:0 5174 5288 4840 14231 7100 6834 6136 18323 5626 5688 5201 15204 6552 6461 5859 17433 6202 6259 5750 16714 4968 5066 4667 13612 5995 5898 5421 15898 5304 5279 4800 14162 5222 5249 4771 14113 9395 9196 8106 24393 6436 6454 5843 17309 6876 6719 6024 17969 5873 5922 5412 15885 6336 6308 5709 16937 6608 6549 6001 17649 8338 8062 7026 21491 6200 6138 5569 16495 6725 6525 5832 17447 8514 8164 7263 22119 6228 6256 5720 16809 8170 7735 6714 20530 6400 6334 5750 17051 5638 5482 4933 14624 5025 5112 4715 13891 5214 5122 4655 13735 5358 5126 4582 13697 5896 5939 5409 15994 8482 8284 7396 22317 5987 5848 5297 15693 4690 4752 4398 12772 7329 7324 6541 19541 6153 6175 5650 16648 5605 5556 5038 14889 5601 5519 4993 14734 5737 5714 5203 15406 6128 6077 5480 16322 5881 5771 5213 15425 7367 7095 6267 18934 6078 6153 5630 16550 6756 6947 6437 18844 6934 6734 6041 18037 5685 5605 5065 14927 5036 5252 4876 14186 7630 7538 6737 20268 5362 5351 4858 14348 9092 8928 8128 24261 5068 5151 4766 13913 8809 8577 7717 23235 5028 4984 4530 13353 7191 7082 6295 18818 5857 5864 5354 15740 6645 6607 5979 17721 6560 6463 5795 17314 6174 5958 5357 16026 7167 7046 6313 18860 6665 6596 5932 17695 6879 6823 6141 18342 6008 5865 5293 15676 5597 5594 5126 15065 6449 6359 5721 17029
2018-7-31 11:38:0 5603 5517 4963 14741 6260 6266 5695 16795 6751 6751 6128 18132 5630 5647 5114 15148 4711 4774 4371 12813 5518 5544 5028 14843 5035 5029 4591 13470 6132 6031 5456 16182 6207 6173 5617 16652 5248 5247 4788 14080 3756 3877 3636 10436 4992 4963 4497 13342 6692 6984 6475 18878 6471 6464 5883 17363 7366 7352 6680 19775 5880 5807 5249 15543 6875 6680 5981 17887 5359 5246 4753 14048 4910 4899 4447 13136 5158 5354 5001 14461 7920 7807 7011 20929 6491 6351 5685 17028 6663 6704 6147 18119 5895 5880 5382 15811 7722 7561 6746 20197 6211 6271 5745 16922 5577 5607 5142 15052 11946 11588 10119 31074 5154 5149 4712 13853 7568 7307 6564 19524 5025 5060 4603 13568 5649 5639 5139 15099 5700 5754 5251 15435 5265 5288 4777 14166 7696 7457 6652 19911 11072 10150 8531 26678 7523 7380 6550 19768 5805 5835 5303 15608 7905 7648 6825 20404 7605 7560 6863 20439 5127 5232 4863 14106 5562 5505 4986 14746 7419 7335 6610 19738 5921 5808 5379 15604 5242 5248 4801 14074 5368 5343 4871 14334 5440 5570 5162 15035 5681 5660 5148 15170 6101 6025 5473 16126 6148 6172 5612 16568 5102 5092 4662 13646 6925 7041 6418 18959 6219 6187 5615 16628 7908 7721 6888 20751 5556 5512 4986 14775 5422 5470 5018 14689 6655 6385 5680 17121 6193 6106 5519 16388 8422 7990 7094 21283 7062 6970 6273 18719
2018-7-31 11:39:0 6537 6446 5817 17274 7699 7458 6639 19933 6314 6447 5932 17388 6374 6313 5712 16924 10263 10123 8849 26930 6282 6113 5571 16444 7991 7979 7279 21546 6578 6464 5834 17321 3778 3795 3496 10145 7113 7100 6388 19077 6264 6221 5666 16709 6868 6828 6141 18297 6822 6820 6148 18303 6814 6774 6142 18211 7102 7007 6279 18759 5865 6098 5749 16546 5260 5306 4871 14230 6346 6308 5738 17015 6247 5868 5135 15437 5413 5394 4925 14485 11707 11838 10498 31734 4363 4545 4229 12236 10616 10684 9470 27405 5294 7936 7151 14693 8414 8191 7270 21895 8941 9086 8115 24516 8172 7998 7108 21406 7263 7275 6608 19537 6466 6557 5996 17675 6169 6150 5564 16470 4628 4754 4447 12808 8057 7942 7099 21356 6693 6643 6000 17810 5180 5184 4767 13921 6648 6749 6167 18150 6369 6378 6264 17080 6891 6794 6141 18179 6261 6281 5730 16882 6175 6230 6619 16656 4493 4601 4239 12341 9026 9105 8065 24335 5097 5158 4732 13857 6292 6380 5834 17162 5883 5887 5353 15770 5382 5384 4937 14510 6005 6008 5401 16080 5781 5766 5234 15447 5171 5232 4786 14000 5660 5785 5294 15516 5662 5632 5073 15002 7116 7138 6536 19285 5889 5867 5323 15744 8373 8143 7059 21583 7754 7665 6911 20547 5265 5388 5013 14525 5890 5864 5311 15700 5887 5771 5161 15422 10974 10586 9307 28205 6325 6368 5800 17082 6643 6722 6237 18207
2018-7-31 11:40:0 7511 7272 6457 18792 10489 9908 8624 25770 5526 5515 5044 14766 4903 4969 4579 13316 6574 6617 6009 17767 7000 6917 6259 18555 7209 7127 6443 19117 7168 7164 6492 19223 5387 5527 5106 14844 6675 6660 6043 17857 5151 5210 4761 13939 6380 6500 6010 17564 5404 5452 4990 14615 6292 6263 5674 16749 5190 5275 4840 14158 5988 6041 5500 16178 5969 6028 5526 16212 5037 5113 4704 13738 6145 6146 5555 16442 6988 7013 6393 18445 5566 5552 5052 14824 7509 7368 6545 19524 6003 6025 5484 16160 5181 5249 4806 14098 7442 7396 6663 19834 5423 5539 5046 14168 7937 7852 7066 21040 4772 4803 4395 12839 6068 6035 5477 16193 5465 5545 5034 14862 5492 5576 5152 14998 6613 6653 6009 17807 7841 7882 7179 21204 6434 6457 5881 17320 6317 6216 5602 16605 4659 4896 4500 13145 6172 6145 5556 16460 5215 5227 4784 13990 7341 7407 6752 19912 8138 8066 7247 21616 3637 3856 3633 10396 5354 5327 4808 14219 4901 4975 4600 13373 7739 7644 6828 20363 5642 5745 5287 15459 3013 3006 2788 8168 4431 4542 4130 12145 5145 5195 4710 13898 8291 8393 7630 22654 3795 3683 3302 9874 4865 4953 4634 13441 5508 5546 5065 14871 5506 5559 5071 14921 4306 4378 4019 11586 5642 5382 4801 14352 5091 5097 4593 13600 5100 5188 4755 13895 6397 6408 5790 17041 4085 4179 3855 11122 5977 6175 5760 16639
2018-7-31 11:41:0 5379 5476 5989 14706 6145 6213 5653 16689 6012 5996 5455 16039 6136 6114 5561 16394 5585 5619 5106 15017 6042 6025 5457 16120 5924 5992 5393 16004 5466 5573 5104 14957 7814 7695 6899 20554 5821 5899 5385 15788 5905 5979 5464 16018 7691 7595 6812 20338 6492 6545 5952 17556 4979 5140 4770 13829 6916 6883 6231 18440 6004 5993 5457 16022 6564 6597 5967 17674 6539 6570 5978 17628 5942 5957 5418 15932 6496 6577 5987 17660 7119 7114 6421 19037 6201 6244 5675 16724 7014 6965 6243 18579 5626 5629 5138 15094 6009 6067 5513 16259 8054 7963 7126 21374 6183 6224 5668 16688 6973 7149 6646 19319 5860 5876 5325 15741 5211 5253 4820 14105 7618 7602 6881 20428 5885 5876 5346 15724 5074 5211 4815 14027 10247 9637 8158 25426 4555 4656 4290 12475 7535 7484 6769 20101 5702 5687 5186 14711 7054 6919 6189 18448 7003 7075 6387 19001 6777 6816 6193 18323 7574 7642 7042 20661 6413 6368 5740 17051 5075 5137 4716 13769 5599 5640 5301 15334 7491 7773 7473 21391 5540 5548 5066 14851 6026 6153 5700 16609 6519 6543 5898 17521 7324 7089 6345 18968 10602 10055 8533 26424 5965 6003 5493 16102 6959 6807 6070 18120 7862 7799 6950 20864 4998 5078 4610 13545 5380 5455 5012 14664 5196 5196 4743 13912 6639 6152 5525 16420 5651 5715 5203 15298 5969 6015 5484 16129 4847 4851 4400 12925
2018-7-31 11:42:0 6203 6090 5492 16679 6280 6366 5803 17120 5353 5382 4912 14413 5947 5922 5374 15748 6954 6875 6228 18445 4510 4628 4248 12406 8297 8345 7757 22707 7479 7340 6628 19629 7869 7699 6829 20555 6102 6086 5522 16290 9661 9519 8523 25632 6220 6115 5515 16385 6177 6175 5615 16551 6386 6363 5764 17049 5710 5726 5167 15280 6586 6821 6183 18234 5628 5655 5138 15162 8227 7932 7066 21283 5701 5721 5232 15317 6985 7000 6358 18814 9317 9294 8228 24848 6264 6195 5560 16497 8549 8169 7083 21638 6263 6275 5698 16862 5048 5081 4630 13607 5107 5400 5038 14542 7349 7258 6533 19508 5277 5233 4748 13993 6255 6238 5683 16706 8810 8809 7918 23723 6527 6553 5864 17465 5781 5824 5388 15698 8198 8127 7255 21761 5769 5712 5190 15291 9663 9365 8345 25216 6443 6545 5967 17575 8089 7831 6942 20887 5369 5399 4928 14502 5996 5991 5453 16060 6947 6913 6245 18547 6461 6421 5779 17217 6516 6600 6003 17773 5536 5603 5140 15046 6027 5986 5440 16027 6301 6281 5693 16852 5757 5743 5211 15412 5687 5784 5279 15563 6580 6526 5904 17492 5717 5675 5147 15169 6375 6320 5659 16889 6109 6105 5523 16363 6202 6100 5522 16326 4328 4396 4126 11852 8361 8299 7464 22358 5506 5549 5065 14891 6676 6628 5976 17740 6253 6260 5676 16812 6363 6283 5697 16871 6284 6257 5688 16807 6634 6531 5890 17499
2018-7-31 11:43:0 5721 5682 5139 15248 6128 6098 5505 16362 9087 8902 7971 23916 5590 5567 5055 14902 5375 5750 5677 15916 5950 5935 5364 15959 6741 6651 5986 17786 5464 5445 4971 14574 6324 6223 5610 16705 6830 6724 6020 17987 6145 6150 5577 16513 6738 6693 6073 18002 5768 5737 5172 15331 6005 6040 5482 16197 7771 7573 6710 20208 6059 6076 5527 16314 6063 6090 5553 16359 6403 6441 5871 17290 7034 6990 6315 18809 7327 7200 6453 19322 7218 7170 6474 19270 5629 5640 5134 15130 5715 5710 5202 15319 5702 5678 5160 15221 6130 6087 5513 16337 6249 6242 5667 16756 6308 6294 5700 16875 5729 5778 5266 15516 6212 6258 5714 16848 5290 5292 4814 14172 9959 9708 8600 25977 5291 5352 4875 14341 4543 4566 4197 12268 7459 7343 6583 19626 4697 4651 4214 12538 4879 4945 4478 13194 4055 4129 3785 11005 2963 2948 2769 8155 1389 1586 1569 4271 935 1148 1173 3077 953 1152 1179 3102 854 1054 1083 2831 717 902 936 2421 753 922 953 2481 678 839 870 2251 614 768 797 2053 596 742 769 1984 583 720 746 1929 587 714 741 1921 594 724 751 1946 627 743 769 2003 586 717 747 1927 580 694 716 1858 526 620 644 1665 532 633 654 1696 478 570 590 1524 461 549 564 1461 452 531 545 1412 609 710 736 1894 783 886 925 2352
2018-7-31 11:44:0 761 511 542 791 439 292 310 456 1189 801 849 1243 1162 781 828 1217 1065 714 757 1115 314 214 227 328 116 83 88 120 126 90 96 130 110 79 84 114 855 580 615 895 946 643 682 992 971 660 699 1018 875 596 631 917 991 663 703 1038 1157 764 811 1211 1172 772 820 1227 1013 661 703 1059 489 323 344 509 276 185 197 288 298 199 212 312 377 251 266 394 377 249 265 394 373 247 262 391 368 244 258 386 360 238 252 378 358 236 250 375 361 238 252 379 357 234 248 374 359 235 249 376 370 243 258 388 379 249 264 397 432 284 302 454 462 304 323 485 591 391 414 623 780 516 546 822 1128 751 794 1190 1357 903 955 1433 1924 1282 1355 2032 2796 1862 1967 2944 2918 1942 2052 3070 3023 2008 2123 3178 3091 2050 2167 3250 3137 2076 2196 3298 3208 2121 2243 3373 2109 1420 1500 2216 826 582 614 866 667 476 502 698 1221 850 897 1283 538 386 408 563 189 142 150 197 185 139 147 193 183 137 145 190 181 136 144 188 176 132 139 183 166 125 132 172 160 121 128 167 162 122 129 168 163 123 130 169 162 122 130 169 161 121 128 167
2018-7-31 11:45:0 106 80 85 109 106 80 85 110 106 80 85 109 106 80 85 109 106 81 85 110 106 80 85 109 105 80 85 109 106 81 86 110 106 81 85 110 107 81 86 110 107 81 86 111 108 82 87 112 108 82 87 112 108 82 87 112 107 81 86 111 103 78 83 107 105 79 84 109 107 81 86 111 107 81 86 111 107 81 86 111 104 79 84 108 102 77 82 106 109 83 88 113 110 83 88 114 110 83 88 113 110 83 88 114 109 83 88 113 109 83 87 113 110 83 88 114 110 84 88 114 110 83 88 114 110 83 88 114 110 83 88 114 110 83 88 114 111 84 89 115 111 84 89 115 111 84 89 115 111 84 89 115 112 85 90 116 112 84 89 116 111 84 89 115 110 83 88 113 109 82 87 113 108 81 86 112 107 81 85 111 107 81 85 111 107 80 85 110 107 81 85 111 109 82 87 113 109 82 87 113 109 82 87 113 109 82 87 113 109 82 87 113 109 82 87 113 109 82 87 113 109 82 87 113 110 83 88 114 109 82 87 113 109 82 87 113 110 83 88 113
