METADATA
initial_wait: 1
measures: 60
period: 1
depth: 1.00
lat: 0.00
lon: 0.00
timestamp: 2106-2-6 6:28:16
sample_counter: 1
name: 17
maker: ICM-CSIC
curator: ICM-CSIC
email: 
sensors: TCS34725
description: KduinoSafata
place: lab ICM
units: counts, counts, counts, counts
DATA
DATE HOUR RED GREEN BLUE CLEAR
2018-8-22 11:42:0 1307 1243 1259 2754 1943 1795 1782 3936 980 943 966 2092 1923 1755 1730 3833 933 853 854 1874 310 294 300 623 803 740 734 1604 900 875 900 1953 1297 1260 1288 2818 1562 1519 1552 3400 1591 1544 1576 3454 2079 1984 1999 4418 2045 1956 1973 4357 2304 2205 2222 4914 1260 1231 1265 2752 1328 1297 1333 2903 1258 1233 1270 2762 1281 1254 1290 2806 1237 1212 1250 2716 1149 1127 1165 2526 1132 1111 1149 2489 1158 1136 1174 2545 1174 1151 1188 2576 1203 1180 1217 2642 1224 1199 1236 2684 1211 1182 1216 2639 1175 1147 1181 2560 1584 1505 1521 3335 2552 2398 2384 5313 2450 2270 2241 5010 1325 1258 1274 2775 1057 1022 1045 2259 864 842 869 1863 735 724 754 1606 812 801 833 1781 872 848 874 1876 1388 1318 1332 2904 2455 2309 2291 5112 2881 2698 2667 5958 3104 2896 2861 6394 3343 3111 3077 6890 3348 3148 3129 7013 1271 1244 1289 2804 2201 2096 2103 4627 5542 5059 4928 11023 5225 4772 4651 10393 4927 4506 4398 9816 5021 4587 4475 9987 4759 4351 4250 9479 4491 4111 4018 8957 4152 3808 3729 8306 3356 3089 3030 6729 1823 1719 1720 3748 2135 2012 1998 4346 1734 1642 1643 3571 459 453 473 986 588 577 597 1264 689 672 691 1472 1168 1113 1121 2422 2141 2011 1996 4340
2018-8-22 11:43:0 3504 3215 3158 6971 3564 3269 3208 7087 3614 3312 3249 7179 3612 3311 3248 7180 3594 3295 3232 7149 3615 3315 3251 7194 3684 3377 3311 7332 3742 3431 3364 7454 3778 3468 3401 7538 3834 3519 3450 7650 3902 3583 3513 7794 3971 3646 3573 7933 4082 3754 3680 8174 4999 4556 4441 9874 5597 5105 4976 11069 3513 3253 3218 7209 3616 3370 3342 7485 3576 3333 3305 7403 3563 3279 3237 7255 3460 3215 3179 7104 3324 3090 3054 6820 3316 3082 3045 6799 3317 3084 3046 6798 3356 3118 3080 6872 3379 3141 3103 6921 3385 3147 3110 6936 3410 3170 3134 6990 3956 3645 3585 7990 5660 5152 5017 11156 3599 3319 3234 7033 3402 3115 3028 6643 1517 1419 1401 3049 1618 1511 1490 3244 2178 2019 1981 4293 2839 2607 2540 5510 2929 2686 2617 5679 3799 3446 3338 7357 2844 2609 2547 5524 1866 1738 1715 3727 2855 2612 2549 5561 4497 4067 3958 8734 4724 4269 4153 9163 4692 4232 4113 9071 4588 4134 4017 8856 4416 3979 3867 8518 4397 3963 3852 8483 4055 3680 3596 7897 1228 1197 1236 2653 2884 2711 2704 5978 2942 2766 2762 6106 2760 2606 2610 5760 2122 2030 2054 4488 1234 1225 1277 2750 1275 1264 1316 2837 2762 2620 2629 5809 2965 2807 2811 6225 2906 2670 2638 5861 2614 2383 2347 5206 2534 2344 2320 5150 2602 2425 2407 5345
2018-8-22 11:44:0 3462 3268 3255 7266 3567 3365 3348 7477 3629 3421 3401 7599 3803 3579 3553 7942 4014 3770 3737 8356 4297 4026 3984 8913 4445 4160 4113 9203 4806 4489 4431 9919 5147 4798 4729 10588 5468 5086 5005 11209 5589 5195 5110 11444 5776 5362 5271 11804 5898 5473 5379 12047 5932 5505 5410 12118 5947 5523 5429 12162 5884 5468 5377 12050 5743 5343 5257 11783 5512 5136 5058 11334 4795 4493 4439 9956 4330 4076 4037 9054 3004 2835 2825 6293 3418 3198 3158 7057 1172 1125 1156 2498 3772 3511 3466 7757 3880 3612 3563 7976 3910 3645 3597 8037 3944 3674 3622 8087 3757 3504 3456 7717 3669 3418 3370 7521 3530 3286 3238 7218 3445 3207 3164 7045 3382 3153 3113 6929 3356 3131 3093 6881 3253 3037 2968 6683 3085 2881 2851 6338 3043 2841 2811 6247 2961 2764 2736 6076 2899 2707 2681 5950 2847 2659 2634 5843 2827 2642 2618 5807 2806 2626 2606 5781 2783 2605 2586 5737 2778 2598 2577 5718 2788 2600 2579 5716 2778 2592 2571 5699 2778 2598 2581 5719 2778 2597 2580 5718 2758 2573 2555 5659 2710 2526 2507 5550 2673 2490 2470 5463 2631 2447 2427 5359 2622 2410 2380 5263 2584 2362 2326 5143 2588 2369 2335 5163 2710 2514 2491 5503 3021 2803 2777 6135 3127 2897 2868 6507 3084 2859 2831 6254 3066 2841 2814 6214 3150 2914 2884 6368
2018-8-22 11:45:0 3546 3300 3263 7239 3463 3217 3181 7054 3428 3185 3150 6985 3382 3143 3108 6889 3348 3111 3077 6819 3273 3043 3011 6670 3236 3013 2983 6610 3219 2999 2971 6581 3181 2965 2939 6510 3139 2926 2901 6424 3093 2884 2859 6331 3072 2864 2839 6286 3054 2847 2823 6249 3037 2830 2806 6212 3027 2822 2798 6194 3005 2803 2782 6155 2996 2793 2772 6131 2975 2774 2753 6087 2965 2767 2748 6075 2926 2732 2714 5999 2863 2670 2652 5856 2805 2617 2599 5738 2799 2611 2593 5724 2768 2581 2564 5659 2786 2598 2580 5694 2797 2610 2593 5723 2723 2544 2531 5584 2719 2542 2529 5580 2728 2550 2538 5597 2732 2554 2541 5606 2726 2548 2536 5594 2720 2543 2531 5582 2719 2543 2531 5583 2710 2536 2525 5569 2692 2519 2509 5532 2709 2534 2522 5560 2651 2475 2462 5421 2646 2473 2461 5420 2623 2456 2446 5390 2616 2454 2446 5392 2604 2444 2437 5373 2587 2430 2425 5348 2612 2456 2452 5406 2612 2456 2453 5407 2607 2452 2449 5399 2606 2451 2448 5397 2583 2430 2427 5351 2583 2430 2428 5352 2658 2497 2491 5493 2676 2512 2506 5527 2667 2505 2500 5512 2658 2497 2492 5495 2570 2419 2416 5326 2539 2390 2388 5263 2544 2395 2393 5273 2543 2395 2393 5275 2518 2372 2371 5226 2541 2393 2392 5274 2549 2400 2398 5290 2549 2400 2399 5291
2018-8-22 11:46:0 3172 3005 2993 6695 3153 2986 2973 6651 3122 2956 2944 6584 3098 2933 2921 6533 3082 2918 2907 6500 2968 2811 2804 6263 2922 2769 2763 6169 2899 2748 2743 6119 2884 2734 2730 6089 2868 2720 2718 6060 2854 2708 2705 6030 2849 2703 2700 6019 2841 2694 2692 5999 2831 2684 2683 5976 2819 2673 2671 5948 2814 2668 2667 5936 2802 2657 2655 5902 2773 2629 2628 5839 2755 2596 2597 5804 2717 2577 2578 5724 2669 2533 2535 5628 2578 2448 2454 5445 2544 2417 2424 5374 2495 2371 2380 5272 2480 2357 2367 5241 2469 2347 2357 5218 2458 2338 2349 5197 2455 2337 2349 5196 2449 2332 2344 5185 2431 2312 2323 5138 2420 2299 2309 5107 2413 2292 2302 5091 2407 2286 2297 5079 2405 2285 2296 5076 2404 2284 2295 5073 2398 2279 2290 5062 2438 2332 2349 5195 2450 2346 2366 5228 2439 2335 2354 5201 2437 2333 2351 5196 2437 2332 2350 5193 2462 2358 2378 5255 2468 2365 2385 5272 2045 1963 1987 4377 2102 1953 1955 4328 2206 2045 2044 4526 2182 2011 2002 4437 1887 1713 1689 3738 1622 1465 1443 3185 1384 1269 1256 2759 1277 1179 1163 2529 957 880 869 1873 501 462 459 955 360 331 329 669 435 396 390 814 287 260 257 526 371 337 333 692 247 224 222 448 387 353 349 727 294 269 267 546
2018-8-22 11:47:0 3559 3295 3227 7185 3682 3413 3345 7463 3749 3475 3406 7600 3922 3633 3559 7932 3963 3661 3580 7961 3991 3684 3601 8001 4065 3761 3680 8196 3838 3567 3514 7881 3526 3345 3328 7442 3418 3247 3234 7227 3354 3191 3183 7110 3182 3036 3035 6770 3203 3056 3055 6818 3124 2981 2982 6651 2991 2858 2862 6377 2853 2731 2739 6095 2741 2627 2637 5864 2702 2590 2602 5783 2639 2530 2544 5648 2481 2356 2361 5247 2282 2117 2100 4662 1879 1747 1727 3825 1665 1545 1522 3350 1655 1538 1517 3330 1697 1583 1568 3433 2215 2094 2103 4651 2230 2120 2135 4704 2248 2138 2152 4738 2275 2167 2182 4804 2280 2172 2188 4818 2176 2057 2064 4561 2283 2180 2195 4846 2377 2282 2302 5074 2358 2270 2292 5051 1511 1486 1528 3314 1463 1425 1457 3160 2101 2006 2020 4449 2104 2011 2026 4464 2096 2003 2018 4445 2035 1942 1956 4302 2211 2108 2123 4688 2125 2015 2023 4457 2178 2069 2080 4587 2112 2001 2009 4426 1782 1685 1695 3709 2384 2288 2310 5093 2421 2316 2336 5160 2410 2306 2326 5134 2272 2167 2183 4810 2303 2203 2223 4894 2370 2262 2279 5023 2292 2160 2163 4770 1139 1055 1048 2295 903 834 824 1788 853 785 774 1677 867 798 786 1706 1320 1214 1194 2613 1041 965 955 2080 1024 941 925 2019 1153 1068 1055 2308
2018-8-22 11:48:0 7141 6566 6385 14339 7028 6476 6339 14157 6952 6413 6280 14030 6946 6407 6273 14016 6967 6425 6291 14055 7007 6458 6321 14121 7007 6457 6319 14118 7015 6465 6326 14137 6997 6449 6311 14104 4253 3968 3927 8700 5557 5177 5095 11376 5253 4908 4840 10795 4762 4453 4397 9795 4814 4511 4460 9929 4805 4502 4450 9918 4816 4513 4461 9924 4802 4501 4449 9925 4931 4611 4562 10120 4924 4603 4554 10065 4892 4580 4531 10029 4870 4562 4515 10004 4826 4528 4484 9962 4812 4521 4478 9975 4804 4514 4472 9968 4778 4487 4446 9900 4776 4482 4441 9853 4775 4478 4435 9867 4751 4456 4413 9819 4649 4362 4321 9606 4461 4192 4156 9238 4276 4028 4000 8879 4202 3962 3936 8731 4083 3855 3833 8500 4035 3810 3791 8403 4073 3844 3823 8473 4108 3876 3854 8541 4174 3937 3912 8676 4239 3999 3974 8820 4251 4012 3986 8850 4225 3991 3967 8809 4081 3857 3837 8513 4149 3919 3897 8619 4096 3866 3846 8488 3806 3600 3590 7897 3680 3485 3478 7643 3815 3606 3594 7904 3833 3623 3610 7940 3843 3632 3619 7960 3810 3602 3590 7895 3774 3569 3558 7829 3758 3554 3544 7798 3711 3509 3500 7696 3663 3464 3456 7601 3646 3447 3440 7562 3620 3422 3414 7503 3597 3399 3392 7453 3567 3371 3365 7390 3619 3425 3418 7532 3978 3758 3742 8304 4290 4045 4021 8937
2018-8-22 11:49:0 3040 2899 2918 6409 3047 2905 2923 6421 3045 2902 2920 6412 3038 2895 2912 6393 2958 2815 2832 6209 2872 2729 2743 6012 2856 2713 2727 5973 2882 2738 2752 6030 2948 2802 2816 6170 3007 2860 2875 6300 3018 2871 2886 6327 3049 2904 2921 6414 3062 2916 2933 6441 3083 2936 2954 6487 3107 2958 2974 6534 3137 2983 2998 6583 3174 3020 3035 6668 3192 3036 3050 6703 3219 3062 3075 6759 3235 3076 3088 6789 3266 3104 3116 6852 3279 3116 3128 6879 3313 3149 3159 6951 3351 3185 3195 7035 3380 3213 3223 7099 3390 3222 3233 7120 3401 3232 3241 7141 3396 3225 3233 7122 3399 3226 3234 7122 3411 3237 3244 7145 3435 3256 3263 7182 3446 3266 3272 7204 3457 3275 3280 7224 3462 3279 3284 7232 3500 3313 3319 7303 3525 3336 3341 7349 3537 3347 3351 7370 3555 3363 3366 7408 3573 3380 3383 7446 3595 3401 3403 7491 3605 3410 3412 7512 3621 3425 3426 7545 3656 3459 3459 7618 3716 3515 3514 7740 3752 3550 3548 7817 3822 3617 3615 7969 3894 3686 3682 8121 3994 3778 3772 8327 4064 3842 3834 8468 4287 4043 4028 8903 4654 4374 4345 9613 5094 4772 4730 10481 5313 4971 4921 10912 5731 5351 5288 11741 6098 5683 5610 12470 6253 5824 5746 12776 6521 6067 5980 13305 6712 6237 6144 13669 6771 6284 6186 13756 6623 6140 6045 13431
2018-8-22 11:50:0 1940 1770 1768 3800 1877 1720 1720 3702 2449 2238 2218 4821 1548 1406 1407 3005 1126 1013 1022 2141 1173 1058 1066 2243 1054 944 953 1994 971 864 873 1817 893 787 796 1629 790 688 695 1422 810 706 713 1455 1266 1086 1070 2307 1571 1327 1282 2872 1371 1134 1095 2475 1035 837 815 1822 524 412 404 868 1318 1096 1074 2312 970 814 802 1698 754 636 626 1316 722 619 620 1286 603 503 501 1036 1959 1670 1621 3592 1918 1633 1585 3509 1659 1409 1368 3041 1836 1553 1510 3358 1805 1524 1482 3298 1845 1559 1513 3366 1710 1439 1397 3120 2399 2037 1983 4410 1542 1292 1261 2802 428 333 328 713 276 213 212 446 350 271 268 576 262 200 198 424 481 377 369 816 526 411 402 891 527 412 403 891 630 496 485 1077 642 507 496 1097 770 616 602 1335 316 242 239 510 275 210 207 441 390 302 297 641 485 381 373 811 437 341 335 726 470 368 361 792 2510 2190 2131 4717 1304 1122 1104 2364 1427 1245 1224 2639 1328 1183 1182 2510 1124 1002 1009 2145 1187 1040 1044 2233 1297 1169 1177 2517 1556 1440 1452 3118 1578 1467 1482 3176 2063 1926 1937 4176 1234 1126 1136 2421 430 336 332 720 821 658 645 1419 1150 928 910 2023
2018-8-22 11:51:0 5818 5372 5286 11631 5863 5414 5331 11730 5527 5108 5034 11051 5197 4807 4742 10394 4853 4493 4438 9717 4933 4564 4509 9886 4939 4573 4517 9912 3676 3410 3392 7340 3510 3263 3246 7036 3490 3239 3220 6986 4299 3991 3947 8667 4443 4112 4062 8926 4373 4047 3996 8781 4259 3942 3893 8557 4075 3775 3730 8197 4165 3853 3803 8362 4541 4195 4141 9090 4739 4385 4331 9508 5135 4753 4692 10288 4568 4232 4179 9196 4570 4222 4164 9162 4191 3876 3826 8417 3962 3669 3627 7972 3889 3600 3559 7821 3917 3625 3582 7873 3918 3625 3581 7872 3919 3623 3579 7864 3730 3451 3412 7491 3645 3372 3334 7317 3432 3178 3145 6895 3209 2976 2950 6457 3342 3096 3066 6711 4343 4021 3978 8684 4495 4154 4106 8968 4340 4018 3975 8683 4107 3802 3761 8207 4072 3767 3726 8126 4207 3888 3841 8384 4231 3909 3861 8432 4206 3886 3838 8382 4168 3850 3802 8309 4163 3846 3798 8300 4215 3894 3845 8413 4296 3967 3915 8577 4183 3866 3817 8372 4237 3919 3868 8497 4266 3946 3930 8561 4305 3984 3932 8649 4245 3929 3878 8533 4429 4096 4043 8881 3735 3451 3425 7479 3112 2882 2457 6223 2335 2184 2198 4666 2216 2083 2101 4468 4026 3729 3684 8060 5051 4653 4580 10064 5090 4690 4618 10143 4883 4501 4434 9736 4707 4339 4275 9385 4339 4002 3946 8657
2018-8-22 11:52:0 7434 6806 6666 14525 7598 6955 6809 14848 8827 8048 7870 17209 8859 8069 7890 17277 8173 7454 7293 15965 2371 2205 2222 4630 2201 2055 2073 4361 2151 2011 2028 4283 2078 1944 1962 4143 1963 1837 1856 3916 1904 1783 1801 3798 1843 1727 1746 3680 1742 1631 1651 3466 1660 1553 1573 3296 1599 1496 1515 3173 1599 1497 1516 3176 1618 1515 1534 3219 1627 1523 1542 3233 1685 1575 1595 3332 1807 1688 1708 3565 2238 2098 2119 4459 7080 6486 6362 13942 7742 7066 6919 15128 7957 7259 7106 15537 2932 2724 2734 5781 2502 2333 2350 4946 2231 2084 2103 4409 2197 2052 2073 4341 2191 2041 2062 4297 2171 2026 2046 4273 2166 2020 2040 4264 2191 2043 2063 4320 2237 2087 2105 4418 2283 2130 2148 4512 2188 2044 2063 4331 2171 2027 2046 4293 1831 1711 1733 3607 1799 1691 1713 3594 1807 1695 1717 3592 1880 1761 1783 3733 1860 1741 1763 3687 1853 1735 1757 3672 2170 2033 2053 4330 2429 2271 2290 4834 2341 2188 2207 4653 2292 2142 2161 4556 2275 2125 2144 4513 2283 2130 2149 4507 2273 2119 2138 4472 2276 2120 2140 4462 2274 2117 2137 4449 2277 2119 2138 4454 2261 2104 2124 4422 1759 1631 1655 3378 1767 1637 1661 3381 1774 1644 1668 3393 1793 1660 1684 3425 1805 1671 1695 3446 1801 1666 1690 3432 1803 1668 1692 3438
2018-8-22 11:53:0 2327 2162 2168 4595 2200 2041 2050 4321 4422 4042 3970 8613 1960 1821 1838 3809 1920 1791 1814 3754 2747 2562 2572 5468 3235 2996 2991 6391 10230 9234 8972 19755 9099 8227 7988 17639 8859 8003 7762 17155 9050 8163 7910 17486 9313 8390 8126 17974 9558 8603 8330 18437 8106 7308 7084 15676 2930 2683 2645 5721 2251 2087 2082 4460 2385 2200 2188 4694 2389 2207 2197 4712 2436 2250 2238 4805 3273 3016 2963 6501 2981 2744 2699 5886 2658 2439 2415 5190 2296 2123 2121 4490 8117 7387 7206 15863 8732 7979 7796 17212 8564 7847 7675 16959 8443 7740 7575 16724 8268 7583 7423 16383 8268 7581 7421 16378 8148 7470 7316 16134 7880 7228 7084 15598 7716 7088 6949 15303 7605 6989 6856 15089 7230 6656 6537 14377 6764 6230 6126 13430 6837 6295 6189 13570 6908 6355 6246 13690 6568 6045 5946 13009 3817 3535 3531 7517 3567 3306 3313 6996 6481 5945 5854 12732 3785 3493 3495 7388 3318 3090 3107 6561 3268 3054 3072 6513 3592 3340 3344 7129 5871 5408 5336 11636 5734 5278 5209 11338 5992 5514 5438 11838 2658 2483 2512 5215 5928 5421 5335 11546 7269 6641 6514 14184 7954 7259 7113 15521 7775 7108 6975 15218 7289 6661 6540 14229 6580 6032 5934 12885 6690 6132 6025 13090 6846 6278 6163 13396 6675 6125 6015 13042 6555 6026 5920 12810 6220 5728 5633 12184
2018-8-22 11:54:0 5953 5502 5424 11921 3588 3371 3373 7337 2535 2425 2462 5302 3100 2931 2947 6387 6024 5553 5471 11992 6424 5914 5823 12764 6178 5697 5618 12303 5998 5536 5464 11959 5878 5432 5364 11747 5862 5419 5353 11725 5799 5371 5308 11661 5784 5360 5299 11633 5838 5397 5334 11672 5965 5514 5448 11921 5790 5368 5311 11645 5689 5281 5228 11465 5634 5228 5178 11343 5671 5267 5217 11435 5754 5343 5290 11599 5869 5451 5395 11860 5970 5544 5486 12064 6156 5707 5644 12402 6035 5603 5544 12182 5729 5336 5286 11639 5466 5097 5055 11112 5470 5102 5060 11132 5833 5420 5364 11789 6292 5805 5728 12559 5949 5507 5445 11936 5756 5339 5284 11581 5562 5173 5127 11244 5413 5043 5000 10974 5402 5031 4988 10959 5500 5118 5070 11140 5694 5287 5232 11499 5744 5332 5275 11605 5637 5233 5178 11382 5480 5081 5029 11031 5417 5021 4970 10893 5401 5007 4957 10867 5400 5006 4955 10869 5389 4996 4947 10856 5397 5000 4950 10857 5395 4998 4948 10852 5413 5016 4966 10895 5485 5087 5034 11060 5497 5098 5045 11086 5527 5127 5074 11153 5558 5157 5103 11222 5588 5185 5130 11283 5601 5197 5142 11313 5632 5228 5172 11382 5657 5251 5196 11436 5685 5278 5221 11495 5698 5290 5232 11521 5812 5390 5330 11729 5832 5408 5347 11765 5829 5405 5344 11759 5793 5373 5313 11686 5729 5313 5256 11555
2018-8-22 11:55:0 5087 4716 4667 10220 5075 4707 4659 10207 5007 4644 4595 10071 4962 4606 4559 9999 4976 4617 4568 10020 4949 4592 4544 9960 5039 4680 4634 10157 5053 4692 4647 10183 5022 4663 4620 10117 5009 4651 4608 10094 4960 4607 4619 10007 5481 5082 5026 11054 5348 4973 4924 10847 5393 5021 4971 10978 5340 4969 4916 10873 5218 4857 4805 10635 4846 4513 4464 9894 4948 4600 4545 10069 4856 4517 4464 9890 4761 4432 4380 9711 4673 4350 4300 9535 2715 2559 2519 5822 2991 2748 2578 6623 2527 2301 2096 5665 2211 1997 1761 4982 2161 1937 1681 4858 1809 1608 1347 4074 1696 1507 1255 3824 1718 1535 1288 3887 1225 1068 824 2747 1175 1006 744 2607 966 803 549 2104 994 809 537 2136 971 787 516 2080 917 738 474 1956 951 762 488 2022 884 714 457 1889 1004 830 559 2178 1016 856 600 2232 1069 905 642 2354 1107 935 664 2433 1309 1108 804 2879 1581 1382 1096 3532 1948 1691 1344 4324 2389 2096 1738 5303 3351 2942 2536 7360 3817 3363 2934 8374 4427 3940 3555 9643 3768 3375 3030 8282 4027 3597 3250 8801 3947 3524 3197 8621 4100 3668 3340 8933 4428 3957 3429 9615 4504 4023 3689 9764 4754 4260 3935 10237 4427 3961 3643 9580 4258 3824 3520 9243 4812 4309 3987 10311 4663 4172 3845 10036 5131 4586 4248 10966
2018-8-22 11:56:0 6345 5838 5702 12781 5585 5145 5032 11250 5499 5068 4960 11086 5328 4916 4814 10758 5458 5036 4930 11020 5904 5446 5330 11906 6272 5782 5658 12631 7223 6638 6488 14457 6796 6193 6017 13571 7263 6653 6474 14674 7256 6664 6509 14590 7017 6454 6314 14078 6095 5583 5434 12285 6057 5537 5375 12348 5540 5120 5017 11244 5326 4917 4824 10761 5364 4974 4906 10875 5288 4911 4850 10738 5441 5060 5004 11055 5650 5254 5195 11471 5747 5341 5280 11647 6292 5827 5747 12699 6324 5854 5771 12752 5901 5473 5405 11925 5812 5394 5329 11750 5920 5490 5423 11948 6208 5740 5663 12472 6347 5856 5771 12695 6359 5864 5778 12704 6073 5605 5527 12141 6047 5583 5507 12094 6011 5550 5475 12022 5992 5533 5459 11985 5889 5441 5371 11788 5783 5348 5281 11595 5793 5360 5294 11633 5873 5441 5379 11815 5905 5474 5412 11896 5926 5496 5432 11949 5948 5515 5451 11990 5998 5557 5491 12074 6085 5632 5561 12219 6133 5674 5602 12305 6219 5751 5676 12466 6263 5790 5715 12552 6250 5777 5702 12524 6197 5730 5656 12421 5963 5521 5455 11970 5784 5359 5299 11628 5769 5347 5287 11609 5771 5351 5293 11629 5786 5367 5308 11666 5791 5371 5313 11678 5782 5363 5305 11662 5770 5351 5293 11637 5778 5358 5300 11652 5804 5382 5323 11705 5825 5401 5341 11748 5892 5463 5401 11881 5981 5544 5480 12057
2018-8-22 11:57:0 892 761 557 1985 766 650 472 1699 761 648 475 1691 942 813 620 2108 1022 883 679 2286 1030 888 681 2303 1037 894 683 2319 975 838 631 2177 995 854 642 2221 1054 908 685 2358 1103 953 724 2470 1113 969 739 2506 997 860 636 2236 889 760 546 1982 682 574 392 1507 842 727 530 1890 810 683 475 1791 712 591 398 1558 686 569 381 1499 926 784 563 2050 1076 920 679 2396 1150 993 750 2577 1141 982 739 2552 1089 938 702 2437 1156 990 740 2573 1368 1184 912 3063 1479 1287 1011 3319 1442 1262 994 3250 1412 1232 967 3176 1348 1173 914 3029 1297 1128 874 2915 1253 1089 838 2817 1238 1079 834 2787 1199 1038 792 2690 1391 1212 943 3129 1527 1330 1044 3429 1572 1371 1086 3530 1707 1501 1213 3847 2273 2035 1756 5135 3498 3197 3006 7666 4590 4261 4188 9401 4511 4186 4114 9218 4052 3771 3714 8289 3501 3261 3215 7163 3426 3189 3144 7010 3289 3063 3022 6732 3196 2979 2940 6546 3106 2897 2861 6368 3060 2857 2824 6281 3018 2819 2788 6202 3034 2833 2801 6231 3082 2874 2839 6313 3108 2900 2867 6374 2955 2760 2730 6065 3013 2814 2784 6184 3045 2845 2815 6255 3005 2809 2780 6179 3067 2865 2835 6308 3636 3395 3360 7457 3709 3461 3426 7595
2018-8-22 11:58:0 5974 5530 5428 12117 4637 4265 4111 9792 4024 3645 3397 8757 3337 3038 2793 7385 5355 4745 4337 11542 4336 3889 3527 9504 3811 3401 3073 8325 5622 4945 4377 12201 3307 2916 2506 7308 2756 2396 1980 6094 3127 2685 2176 6865 2335 2001 1560 5161 1924 1633 1215 4242 1380 1161 826 3035 1598 1323 933 3474 1552 1275 873 3359 1272 1037 686 2741 1268 1030 694 2726 1918 1584 1130 4155 1719 1416 990 3722 1865 1523 1065 4011 1700 1386 964 3654 2293 1872 1320 4923 1982 1647 1185 4307 2390 1960 1412 5144 1638 1365 974 3570 1987 1639 1160 4299 1456 1204 845 3159 1959 1605 1130 4222 1660 1372 962 3599 1815 1498 1058 3929 2116 1732 1233 4552 2303 1944 1467 5042 2682 2241 1678 5821 2125 1792 1343 4650 3012 2522 1903 6536 3065 2553 1925 6629 3028 2516 1877 6543 3205 2645 1974 6891 3335 2762 2062 7187 3441 2836 2130 7383 3710 3071 2316 7981 3337 2775 2084 7204 3555 2937 2202 7638 3533 2922 2185 7604 3540 2918 2177 7601 3321 2743 2045 7141 3610 2991 2247 7770 3817 3134 2364 8159 3557 2944 2213 7650 3703 3037 2269 7920 3058 2543 1898 6608 3153 2628 1974 6821 3483 2885 2176 7495 3192 2655 1998 6890 3440 2837 2122 7390 3846 3139 2346 8204 3030 2515 1876 6543 3100 2573 1925 6689 3276 2722 2043 7072
2018-8-22 11:59:0 940 768 502 2031 1007 817 534 2165 930 758 494 2006 971 790 516 2092 946 772 505 2042 928 758 497 2005 938 764 500 2023 953 776 509 2054 928 759 497 2006 941 767 503 2031 919 751 491 1986 902 739 482 1952 955 778 509 2059 912 747 489 1975 938 767 504 2028 970 790 518 2091 977 795 519 2105 927 757 494 2002 986 801 524 2123 952 777 509 2056 928 760 498 2008 977 796 522 2107 975 795 521 2104 1017 825 540 2188 950 777 508 2053 1041 848 556 2244 1020 830 544 2197 969 793 517 2096 1064 864 565 2290 1035 843 550 2231 993 812 530 2146 1024 837 547 2211 1067 866 568 2295 1024 834 546 2208 1063 863 563 2286 1064 864 564 2289 1101 895 586 2371 1113 903 588 2392 1111 903 588 2392 1169 946 617 2509 1183 957 626 2537 1161 941 615 2493 1140 925 604 2451 1081 881 574 2329 1154 935 609 2479 1144 928 604 2458 1107 900 586 2383 1181 957 625 2536 1116 909 594 2405 1139 925 603 2449 1108 902 587 2387 1138 922 600 2443 1094 888 580 2352 1108 898 585 2380 1122 913 596 2415 1091 888 577 2348 1157 937 612 2484 1099 894 584 2365 1082 880 575 2329 1091 886 578 2346
2018-8-22 12:0:0 1337 1068 689 2841 1289 1031 663 2743 1270 1016 652 2701 1324 1054 678 2807 1293 1034 666 2750 1326 1060 685 2818 1342 1071 691 2772 1257 1007 647 2677 1284 1028 662 2733 1242 994 643 2644 1180 945 609 2514 1161 933 605 2478 1138 912 590 2426 1174 942 612 2504 1146 921 596 2448 1150 923 596 2454 1167 936 604 2488 1184 950 615 2526 1194 960 623 2550 1186 955 619 2536 1217 975 633 2594 1198 961 621 2556 1206 970 629 2577 1224 984 638 2614 1156 932 602 2475 1184 954 618 2533 1253 1005 652 2672 1226 986 638 2620 1210 973 629 2585 1233 988 639 2628 1183 950 615 2526 1163 936 607 2486 1118 901 585 2391 1067 861 560 2285 1053 849 552 2254 1014 818 530 2171 986 796 517 2113 963 778 507 2065 948 764 497 2029 931 753 491 1997 932 752 490 1997 928 750 488 1990 937 758 494 2011 936 758 494 2010 939 760 496 2015 937 758 493 2010 930 752 489 1995 911 738 479 1956 934 755 491 2003 937 758 494 2011 922 747 487 1980 920 744 484 1973 914 740 481 1963 915 740 481 1963 916 743 483 1969 927 751 489 1991 931 754 491 2000 926 751 489 1990 937 745 485 2011 933 754 491 2000
2018-8-22 12:1:0 1549 1225 791 3270 1584 1256 812 3349 1676 1325 857 3536 1686 1336 863 3562 1740 1371 884 3662 1782 1407 904 3754 1814 1431 920 3820 1907 1503 968 4012 1990 1570 1009 4188 2143 1677 1078 4487 2181 1705 1101 4562 1892 1492 957 3982 1784 1412 906 3764 1923 1510 973 4035 1844 1454 937 3882 1814 1430 920 3819 1737 1375 883 3666 1766 1396 898 3724 1688 1340 862 3568 1666 1325 852 3528 1882 1479 956 3954 1833 1444 933 3858 1779 1402 904 3746 1744 1375 886 3673 1645 1309 842 3486 1621 1292 831 3438 1424 1138 734 3028 1217 981 634 2603 1171 941 609 2500 1128 908 588 2413 1097 884 573 2348 1058 855 554 2268 1047 846 549 2244 1028 831 540 2204 1009 817 531 2297 1044 841 547 2234 1034 833 540 2211 1026 827 537 2196 1033 833 541 2211 1041 840 546 2230 1051 846 549 2247 1033 835 542 2215 1069 862 560 2289 1077 871 565 2311 1122 906 588 2405 1115 901 584 2391 1122 908 588 2408 1144 925 599 2454 1186 955 619 2537 1236 992 642 2638 1232 991 641 2631 1230 992 642 2634 1292 1038 674 2759 1253 1007 653 2676 1205 970 627 2576 1194 960 621 2552 1119 905 587 2401 1123 908 589 2407 1156 930 601 2471 1259 1012 657 2688
2018-8-22 12:2:0 942 763 496 2025 949 769 500 2040 938 761 495 2017 933 757 493 2007 913 741 482 1963 916 743 483 1969 898 728 474 1931 896 727 474 1928 898 728 475 1931 885 719 469 1906 878 713 464 1889 872 707 460 1874 865 702 458 1861 866 702 458 1861 855 693 452 1838 854 693 452 1836 850 690 450 1829 858 696 455 1845 853 693 453 1836 854 693 453 1838 852 692 451 1834 848 689 449 1825 849 689 449 1827 850 690 450 1829 851 692 452 1833 857 696 455 1845 856 695 454 1842 850 691 451 1831 858 698 455 1850 884 718 469 1904 888 722 472 1914 882 718 468 1902 886 721 469 1909 900 731 476 1939 916 745 486 1974 911 741 482 1962 904 735 478 1947 911 741 482 1963 913 743 484 1967 923 750 489 1989 921 750 489 1986 918 747 487 1980 920 749 487 1984 926 753 490 1995 928 754 492 1999 917 746 486 1977 907 737 480 1954 900 732 477 1940 884 720 469 1907 884 720 469 1907 877 714 465 1891 880 716 467 1897 874 712 465 1885 869 708 462 1875 865 704 459 1865 854 695 454 1843 844 687 449 1821 843 686 448 1818 832 677 442 1793 826 672 439 1780
2018-8-22 12:3:0 952 773 502 2049 908 739 480 1959 902 733 477 1944 893 726 472 1925 874 711 463 1885 884 719 468 1906 869 707 460 1874 857 698 455 1850 867 705 460 1870 865 703 458 1865 850 692 451 1834 845 689 449 1825 845 689 449 1826 862 703 457 1862 856 698 454 1850 849 692 451 1834 827 675 438 1787 809 661 430 1750 809 661 430 1750 792 647 421 1713 795 648 422 1718 789 644 420 1706 790 645 420 1709 795 649 422 1719 793 647 421 1715 796 650 423 1721 800 653 425 1730 806 658 428 1743 805 657 428 1740 805 657 427 1740 808 659 429 1747 820 670 436 1773 809 661 429 1750 812 664 432 1757 819 669 436 1771 803 655 427 1736 800 653 425 1730 793 647 422 1715 785 641 418 1697 783 639 417 1693 780 637 415 1686 775 633 412 1675 765 625 408 1655 770 629 410 1665 767 626 408 1657 765 624 407 1653 762 622 405 1647 765 624 407 1654 764 623 406 1650 763 623 406 1649 769 627 409 1661 776 632 413 1676 776 633 413 1677 784 640 417 1694 784 640 417 1695 787 642 419 1700 799 652 425 1727 799 652 425 1726 795 648 422 1716 805 655 427 1736
2018-8-22 12:4:0 205 167 108 435 207 168 109 440 206 167 108 437 211 171 111 448 210 171 111 447 210 170 110 444 212 172 111 449 210 170 110 445 213 173 112 453 217 176 114 460 216 176 114 459 218 177 115 462 218 177 115 462 219 177 115 463 220 180 117 465 223 181 117 472 226 184 119 480 229 185 120 485 228 185 120 483 230 186 121 487 232 188 122 493 234 190 123 496 235 190 123 498 235 191 123 499 237 192 125 504 237 193 125 504 240 195 126 510 243 197 127 515 244 198 128 517 245 198 129 519 247 200 130 523 249 202 131 529 250 202 131 530 252 204 132 534 251 203 132 533 260 211 137 552 261 211 137 553 263 213 138 559 266 216 140 566 271 219 142 575 271 219 142 576 275 222 144 583 278 225 146 591 280 226 147 594 282 228 148 598 284 230 149 603 288 233 151 612 291 235 153 618 291 235 153 618 302 244 159 642 304 246 160 647 303 245 159 644 305 247 160 649 310 251 163 659 314 254 165 667 312 253 164 664 319 258 167 678 318 257 167 676 319 258 167 678 320 258 168 679
2018-8-22 12:5:0 576 465 297 1230 558 451 289 1194 568 458 294 1213 547 443 284 1173 555 449 288 1188 548 444 285 1175 554 448 288 1186 545 442 283 1168 545 441 283 1168 546 442 284 1171 550 446 286 1180 561 454 292 1202 566 459 295 1214 569 461 296 1221 571 462 297 1224 576 466 300 1234 586 473 304 1254 584 472 304 1252 578 468 301 1240 592 479 308 1269 582 472 304 1250 594 480 309 1273 612 494 319 1311 586 475 306 1259 577 469 302 1241 607 492 317 1304 603 489 316 1296 620 502 324 1330 614 497 321 1318 631 510 330 1354 640 517 334 1373 634 513 331 1361 639 517 334 1372 653 528 341 1401 651 527 341 1398 664 537 347 1425 664 538 347 1427 683 552 357 1465 703 567 366 1507 662 537 346 1424 688 556 359 1476 720 580 375 1542 713 575 371 1528 702 568 366 1506 700 566 365 1502 702 568 366 1507 719 580 374 1541 712 575 371 1527 711 575 370 1525 703 569 367 1509 703 568 366 1508 718 579 373 1537 702 567 366 1505 678 550 354 1458 732 590 380 1566 704 569 367 1511 710 574 369 1523 721 584 376 1546 710 574 370 1524 696 563 363 1494
2018-8-22 12:6:0 591 483 312 1279 587 480 310 1271 601 490 317 1298 595 485 314 1285 585 478 309 1265 597 487 315 1289 579 473 306 1253 574 469 303 1243 587 479 310 1268 566 464 300 1228 575 470 304 1244 573 469 304 1242 574 469 304 1242 572 468 303 1238 575 470 304 1245 579 473 306 1252 577 472 305 1249 581 475 307 1257 575 471 305 1247 581 475 308 1257 567 465 301 1230 582 476 308 1259 572 469 303 1240 574 470 304 1245 584 477 309 1264 579 474 306 1254 575 471 305 1246 574 470 304 1244 595 486 314 1287 585 479 310 1268 579 475 307 1257 589 483 312 1278 604 494 319 1307 601 491 317 1300 586 481 310 1272 602 493 319 1304 612 501 324 1326 629 514 333 1361 627 513 331 1358 629 514 332 1361 650 530 343 1404 643 525 339 1390 632 517 334 1368 639 522 337 1382 655 534 345 1415 653 532 343 1410 652 532 343 1409 655 534 345 1416 643 526 339 1391 664 542 349 1435 696 566 365 1501 692 563 363 1492 713 579 373 1535 716 582 376 1543 712 579 374 1535 711 578 373 1533 701 570 367 1512 698 568 366 1506 703 571 368 1514 708 575 371 1525
2018-8-22 12:7:0 1009 803 517 2142 901 726 465 1926 923 740 475 1968 1018 811 522 2161 929 745 478 1982 979 781 503 2081 1027 816 526 2177 958 765 492 2037 918 736 472 1957 893 719 461 1910 854 691 443 1832 984 784 505 2089 874 705 452 1871 935 750 482 1995 1026 816 527 2177 961 768 493 2044 977 781 502 2080 953 765 490 2033 926 745 477 1979 1001 800 514 2130 955 766 491 2036 923 741 474 1970 943 755 485 2009 990 790 508 2105 949 760 488 2021 915 735 471 1954 914 734 471 1950 1008 802 516 2138 910 731 469 1942 901 726 465 1926 943 755 485 2009 915 734 471 1952 897 720 462 1914 996 791 509 2110 897 720 462 1914 960 764 492 2037 949 758 487 2018 884 711 457 1890 944 754 485 2009 833 674 432 1788 909 730 469 1941 906 727 467 1933 938 750 482 1996 923 740 476 1968 887 714 459 1898 960 767 494 2042 909 729 469 1939 905 726 467 1931 936 748 481 1991 907 728 468 1936 890 716 459 1902 896 721 463 1916 949 761 490 2024 942 757 485 2010 937 754 483 2002 1021 816 524 2171 978 785 502 2085 1215 957 617 2558 1092 870 558 2316 1011 810 518 2152
2018-8-22 12:8:0 609 480 305 1275 650 510 325 1357 596 471 299 1251 585 463 294 1227 592 468 298 1242 575 455 289 1208 561 444 282 1178 552 437 278 1159 575 453 289 1204 519 413 262 1093 553 438 279 1162 565 446 284 1184 512 408 258 1080 534 423 269 1123 492 392 249 1038 453 363 230 959 457 366 232 967 425 342 216 902 423 340 215 897 418 336 212 887 407 328 207 865 402 323 204 853 414 333 210 878 401 323 204 852 416 334 211 882 423 339 214 895 412 331 208 873 419 336 211 886 409 329 207 867 395 318 200 838 390 315 198 829 397 320 201 843 394 318 199 836 401 323 203 850 390 315 198 829 398 320 201 844 387 312 196 821 382 309 194 812 382 308 193 810 377 304 191 801 375 303 191 797 371 299 188 788 363 293 185 772 364 294 185 773 353 285 180 751 348 282 177 741 348 282 178 741 339 275 173 722 330 268 169 704 327 266 168 698 329 267 168 701 334 271 171 713 331 269 169 706 334 271 171 712 339 275 173 722 339 275 173 722 338 274 173 719 337 273 173 718 342 277 175 729 351 284 179 745
2018-8-22 12:9:0 1347 1063 682 2835 1318 1045 669 2781 1323 1048 672 2791 1438 1131 726 3018 1397 1102 706 2937 1447 1136 729 3032 1502 1177 755 3144 1551 1213 780 3243 1543 1206 775 3223 1365 1081 691 2876 1385 1093 699 2910 1444 1134 728 3027 1405 1105 709 2948 1360 1072 685 2857 1281 1016 648 2701 1306 1031 660 2748 1343 1055 677 2815 1344 1058 679 2823 1327 1046 671 2790 1304 1030 659 2745 1371 1078 691 2877 1337 1054 676 2811 1304 1030 661 2746 1362 1072 689 2861 1327 1048 674 2796 1302 1029 661 2743 1209 961 616 2557 1158 925 592 2458 1147 916 587 2434 1200 955 612 2541 1219 967 621 2577 1184 944 605 2510 1221 971 623 2583 1271 1008 648 2685 1286 1020 656 2718 1265 1004 644 2674 1346 1064 683 2836 1392 1175 756 2931 1380 1089 698 2905 1477 1161 745 3099 1622 1265 815 3387 1532 1203 772 3211 1607 1259 809 3364 1715 1332 858 3569 1752 1362 878 3648 1557 1225 785 3268 1922 1480 956 3979 1725 1338 861 3586 1593 1247 799 3332 1514 1192 763 3179 1533 1204 772 3213 1585 1239 796 3312 1535 1206 773 3218 1506 1187 759 3164 1590 1245 799 3327 1626 1274 818 3403 1616 1265 812 3381 1619 1265 810 3382 1646 1289 826 3444 1630 1281 821 3418
2018-8-22 12:10:0 1600 1269 819 3385 1745 1372 887 3670 1773 1394 900 3728 1817 1428 923 3820 1721 1359 876 3629 1782 1402 903 3748 1772 1397 900 3731 1752 1382 890 3691 1737 1372 884 3662 1747 1377 888 3678 1804 1419 917 3793 1835 1442 932 3856 1789 1406 907 3759 1688 1333 856 3557 1787 1406 906 3757 1983 1551 1001 4153 1643 1300 835 3468 1902 1491 964 3990 1639 1297 834 3459 1673 1322 850 3527 1830 1436 927 3840 1612 1276 821 3404 1649 1303 838 3478 1645 1297 836 3465 1672 1316 849 3517 1722 1351 873 3615 1546 1228 789 3273 1593 1260 812 3363 1616 1276 821 3408 1556 1234 793 3290 1663 1310 847 3500 1504 1193 769 3182 1295 1038 666 2759 1524 1203 778 3216 1477 1175 758 3131 1403 1119 720 2981 1376 1103 708 2933 1444 1152 742 3069 1490 1184 764 3159 1447 1153 744 3073 1470 1168 754 3115 1447 1149 742 3066 1370 1094 705 2913 1419 1128 727 3009 1389 1107 715 2950 1385 1104 713 2943 1425 1134 732 3024 1448 1145 741 3059 1354 1079 696 2876 1295 1038 668 2761 1389 1110 713 2954 1553 1230 794 3282 1559 1237 795 3298 1629 1222 786 3433 1717 1348 872 3607 1635 1290 832 3447 1560 1235 796 3296 1723 1352 875 3619 1481 1178 756 3138 1468 1170 751 3115
2018-8-22 12:11:0 1881 1470 951 3938 1828 1436 928 3840 1845 1439 931 3857 1734 1368 881 3653 1981 1545 999 4141 1729 1368 880 3648 2019 1578 1022 4226 1864 1464 945 3916 1966 1537 992 4117 1817 1430 920 3821 1766 1393 895 3720 1822 1429 922 3823 1742 1375 886 3671 1998 1554 1010 4171 1815 1422 921 3807 1589 1262 812 3363 1827 1432 928 3833 1610 1275 821 3402 1527 1212 781 3233 1691 1335 864 3566 1635 1293 835 3453 1594 1265 816 3373 1687 1333 863 3559 1504 1195 770 3186 1464 1167 751 3108 1624 1283 830 3426 1657 1307 849 3493 1543 1223 790 3262 1562 1238 800 3304 1605 1271 821 3391 1630 1291 834 3446 1648 1302 841 3476 1776 1396 904 3735 1808 1422 919 3802 1824 1436 928 3840 1748 1377 893 3682 1601 1269 820 3387 1625 1290 835 3442 1609 1272 822 3398 1606 1272 822 3397 1501 1196 772 3187 1441 1148 743 3061 1463 1164 753 3103 1418 1127 730 3006 1416 1125 730 3003 1430 1137 737 3032 1435 1144 740 3048 1523 1209 781 3225 1581 1252 810 3343 1521 1210 781 3226 1459 1160 750 3094 1524 1207 782 3224 1267 1017 656 2703 1239 993 642 2643 1227 983 636 2617 1178 948 613 2520 1257 1004 652 2676 1229 984 638 2620 1242 992 643 2643 1261 1008 652 2684
2018-8-22 12:12:0 1512 1196 774 3194 1491 1179 763 3151 1409 1122 723 2992 1451 1151 744 3072 1363 1085 702 2894 1209 972 627 2584 1313 1045 678 2787 1169 937 605 2494 1210 966 624 2576 1085 874 564 2325 1141 915 592 2436 1079 869 563 2311 1102 886 574 2358 1163 931 603 2481 1099 888 573 2358 1120 902 582 2398 1016 823 531 2185 1077 869 561 2309 999 810 522 2150 1049 849 548 2255 1140 917 595 2440 1200 954 619 2547 1228 1027 662 2623 1532 1215 784 3242 1536 1217 786 3249 1632 1290 833 3445 1711 1349 871 3606 1542 1225 787 3265 1734 1365 879 3650 1665 1315 846 3513 1606 1273 817 3396 1813 1423 918 3806 1625 1290 829 3439 1701 1344 865 3588 1902 1488 962 3985 1807 1416 914 3791 1488 1181 758 3148 1573 1247 802 3325 1513 1200 771 3201 1481 1172 755 3130 1430 1136 731 3028 1461 1159 747 3091 1508 1087 698 3180 1551 1225 791 3274 1545 1221 788 3263 1378 1097 704 2924 1538 1214 782 3245 1410 1121 722 2990 1419 1129 728 3010 1438 1142 738 3048 1349 1080 696 2875 1331 1066 688 2837 1292 1036 668 2757 1109 894 576 2376 996 810 521 2148 1201 962 625 2563 1061 861 555 2283 1174 946 608 2513 1242 996 642 2651 1202 967 622 2571
2018-8-22 12:13:0 1004 815 525 2162 1036 835 539 2221 1027 834 536 2212 1116 903 581 2398 1180 952 614 2529 1221 982 633 2611 1322 1056 680 2813 1383 1099 708 2932 1431 1135 733 3030 1576 1251 808 3338 1502 1191 765 3179 1368 1094 700 2912 1424 1132 727 3020 1280 1025 659 2728 1216 978 631 2600 1245 998 645 2657 1116 905 583 2401 1171 943 608 2507 1236 991 639 2638 1117 904 579 2400 1169 941 603 2503 1212 976 628 2596 1313 1049 679 2795 1412 1120 725 2991 1528 1207 777 3226 1471 1174 754 3125 1727 1355 875 3626 1734 1361 878 3643 1655 1304 838 3486 1773 1388 896 3719 1632 1292 830 3448 1632 1290 830 3445 1608 1270 818 3392 1604 1270 857 3388 1575 1245 801 3324 1604 1266 815 3383 1649 1299 837 3473 1677 1322 851 3533 1639 1296 833 3460 1543 1228 786 3272 1722 1353 871 3620 1758 1383 892 3698 1768 1390 896 3719 1708 1345 864 3598 1604 1268 811 3387 1631 1286 824 3439 1665 1313 845 3509 1700 1339 865 3581 1505 1197 771 3192 1448 1159 746 3083 1670 1318 853 3522 1676 1322 854 3534 1525 1211 778 3232 1576 1245 799 3328 1573 1243 799 3324 1580 1249 805 3339 1496 1189 770 3173 1330 1061 681 2828 1317 1050 674 2800 1290 1028 662 2743
2018-8-22 12:14:0 1723 1361 884 3639 1606 1279 827 3411 1524 1215 785 3240 1499 1193 771 3183 1356 1087 699 2895 1364 1089 701 2904 1359 1086 699 2894 1399 1116 721 2976 1378 1103 713 2938 1420 1138 732 3029 1708 1346 870 3601 1463 1176 755 3125 1569 1251 807 3335 1693 1337 866 3574 1726 1360 880 3639 1604 1274 820 3399 1624 1293 831 3446 1686 1337 859 3568 1766 1398 900 3734 1704 1353 869 3608 1735 1377 886 3673 1806 1428 920 3813 1859 1463 946 3913 1823 1409 907 3849 2004 1564 1011 4196 1880 1479 955 3956 1699 1347 866 3594 1660 1317 844 3512 1809 1421 913 3803 1871 1468 947 3931 1756 1386 892 3704 1817 1431 924 3827 1732 1372 885 3661 1720 1355 875 3634 1761 1388 897 3710 1718 1357 873 3625 1618 1284 825 3426 1534 1222 783 3257 1699 1340 863 3583 1638 1293 836 3458 1449 1157 745 3081 1543 1224 790 3269 1406 1127 721 2998 1273 1027 658 2728 1399 1111 719 2968 1180 952 612 2529 1287 1025 663 2737 1161 935 602 2487 1090 882 568 2344 1222 980 634 2611 1105 896 577 2378 1107 899 579 2384 1301 1038 674 2770 1233 992 641 2640 1220 983 633 2613 1256 1009 649 2685 1296 1039 668 2767 1310 1051 678 2798 1280 1025 661 2731 1301 1042 672 2777
2018-8-22 12:15:0 1009 820 528 2176 1032 838 541 2226 1033 840 543 2230 1151 930 603 2473 1196 959 622 2556 990 810 520 2145 1061 859 554 2283 1010 819 528 2177 917 751 483 1990 946 771 498 2046 1012 820 532 2180 1078 868 565 2311 998 809 525 2151 1077 868 560 2309 1367 1087 704 2903 1386 1104 715 2946 1378 1098 710 2929 1284 1028 662 2738 1328 1059 684 2825 1246 999 644 2660 1141 924 594 2453 1125 910 586 2417 1140 921 593 2447 1176 946 611 2518 1178 948 612 2522 1254 1005 648 2677 1417 1125 726 3004 1382 1104 709 2941 1467 1171 751 3119 1610 1274 823 3404 1501 1196 769 3188 1596 1260 813 3369 1478 1176 756 3136 1467 1169 752 3115 1517 1203 776 3212 1530 1211 780 3235 1572 1242 800 3318 1645 1297 837 3469 1410 1129 722 3004 1563 1239 796 3307 1555 1234 791 3292 1586 1260 807 3360 1702 1339 860 3582 1736 1368 879 3658 1650 1309 839 3492 1856 1460 939 3904 1832 1436 924 3845 1816 1425 917 3814 1770 1392 897 3723 1680 1327 852 3545 1632 1291 829 3446 1594 1264 810 3371 1668 1316 845 3517 1707 1346 865 3599 1692 1335 858 3568 1709 1348 866 3603 1614 1280 822 3414 1713 1350 869 3609 1675 1323 851 3535 1457 1165 745 3101
2018-8-22 12:16:0 1728 1364 874 3643 1676 1321 846 3530 1695 1339 857 3576 1789 1405 903 3760 1730 1366 877 3648 1711 1353 871 3613 1729 1366 879 3648 1878 1471 950 3939 1763 1386 891 3709 1754 1377 883 3686 1706 1346 863 3598 1993 1551 1004 4163 1841 1445 932 3869 1658 1316 845 3509 1799 1418 913 3791 1796 1412 907 3778 1751 1381 889 3691 1672 1324 849 3534 1840 1442 929 3861 1774 1396 898 3734 1812 1423 918 3809 1752 1381 890 3692 1767 1393 896 3722 1781 1401 902 3748 1714 1357 872 3622 1833 1440 931 3854 1848 1454 940 3889 1787 1407 908 3763 1709 1346 866 3599 1778 1401 901 3746 1639 1301 836 3470 1708 1351 870 3607 1691 1338 860 3572 1602 1272 815 3393 1719 1353 871 3619 1709 1350 868 3607 1653 1307 840 3492 1644 1302 838 3476 1653 1311 842 3497 1794 1410 909 3773 1639 1299 833 3467 1593 1268 811 3379 1617 1284 825 3425 1752 1382 892 3695 1627 1289 829 3440 1699 1339 863 3582 1670 1319 849 3524 1563 1247 799 3321 1816 1426 919 3818 1697 1341 862 3583 1728 1364 879 3645 1721 1362 877 3637 1742 1374 886 3673 1717 1357 873 3625 1644 1301 837 3475 1781 1402 903 3750 1755 1382 890 3697 1702 1344 863 3591 1749 1376 885 3683 1793 1410 910 3772
2018-8-22 12:17:0 1180 958 617 2542 1260 1015 655 2699 1235 997 642 2649 1528 1213 785 3240 1446 1153 743 3076 1501 1192 770 3183 1477 1177 758 3138 1404 1125 722 2994 1513 1207 776 3217 1583 1259 810 3357 1642 1297 836 3466 1680 1326 854 3544 1803 1414 912 3787 1864 1462 944 3915 1629 1294 831 3451 1785 1409 909 3764 1716 1358 874 3625 1955 1523 986 4090 1741 1371 885 3668 1768 1393 898 3725 1714 1351 870 3612 1758 1383 891 3701 1673 1323 851 3534 1794 1411 911 3775 1689 1336 860 3568 1602 1272 818 3393 1711 1349 868 3607 1779 1397 901 3739 1572 1250 801 3332 1774 1392 898 3728 1771 1394 899 3729 1734 1365 880 3651 1649 1307 840 3487 1643 1304 837 3478 1706 1347 868 3600 1729 1363 880 3645 1651 1310 843 3496 1629 1291 829 3445 1748 1376 887 3680 1819 1429 922 3825 1618 1284 824 3425 1572 1252 803 3336 1716 1356 874 3622 1723 1360 878 3635 1574 1254 804 3341 1567 1247 800 3323 1681 1329 854 3549 1499 1197 875 3187 1664 1317 847 3516 1684 1331 856 3555 1606 1272 815 3396 1704 1344 864 3594 1633 1292 830 3450 1588 1259 809 3360 1582 1254 805 3347 1570 1248 800 3328 1641 1299 835 3469 1614 1280 823 3416 1664 1316 847 3516 1741 1372 885 3670
2018-8-22 12:18:0 1736 1367 884 3658 1779 1399 906 3745 1666 1321 851 3526 1577 1255 805 3346 1586 1260 809 3361 1752 1381 893 3693 1579 1255 807 3347 1618 1283 826 3425 1732 1371 885 3661 1531 1223 784 3257 1599 1270 816 3388 1859 1456 943 3902 1533 1221 783 3255 1629 1292 832 3449 1905 1486 965 3988 1723 1358 877 3632 1607 1277 822 3405 1880 1470 953 3941 1678 1323 853 3537 1651 1310 845 3423 1694 1336 863 3571 1693 1339 864 3577 1689 1333 859 3563 1563 1244 799 3317 1534 1223 784 3259 1486 1187 760 3161 1672 1320 851 3528 1562 1241 797 3310 1398 1122 717 2982 1608 1270 816 3393 1793 1405 907 3765 1554 1236 793 3295 1593 1264 813 3373 1621 1285 827 3429 1634 1293 833 3454 1649 1303 839 3481 1733 1364 881 3648 1754 1377 890 3688 1640 1300 837 3470 1558 1240 797 3304 1794 1406 910 3766 1744 1369 884 3666 1615 1281 823 3419 1772 1385 896 3715 1797 1407 910 3772 1757 1381 893 3697 1573 1250 803 3333 1673 1321 851 3530 1651 1306 843 3489 1653 1309 844 3495 1644 1301 839 3474 1643 1295 834 3462 1622 1281 823 3424 1685 1325 854 3546 1610 1277 821 3408 1551 1235 793 3291 1536 1224 786 3260 1703 1340 865 3585 1538 1227 787 3267 1564 1242 798 3313
2018-8-22 12:19:0 1645 1306 841 3484 1747 1375 886 3679 1676 1320 848 3532 1629 1286 825 3439 1562 1241 796 3311 1720 1358 876 3629 1529 1222 783 3252 1633 1293 831 3454 1771 1390 895 3723 1585 1257 806 3356 1694 1337 861 3573 1816 1424 921 3815 1682 1327 856 3548 1519 1209 777 3225 1600 1266 816 3383 1688 1328 858 3555 1613 1273 821 3404 1442 1150 737 3064 1561 1236 795 3302 1522 1210 779 3228 1600 1268 818 3385 1625 1289 829 3441 1712 1348 868 3606 1892 1471 952 3953 1592 1260 809 3365 1549 1228 789 3278 1811 1417 916 3799 1686 1330 856 3555 1601 1270 817 3389 1770 1392 899 3725 1680 1326 853 3543 1673 1319 848 3528 1723 1351 870 3619 1639 1299 834 3467 1632 1297 833 3460 1555 1241 796 3304 1773 1394 900 3731 1492 1191 762 3173 1780 1403 908 3751 1715 1351 871 3613 1576 1252 803 3338 1632 1291 829 3449 1705 1341 865 3589 1630 1289 829 3443 1656 1310 842 3498 1557 1240 796 3304 1492 1193 765 3176 1641 1300 836 3470 1647 1303 837 3480 1588 1259 808 3360 1713 1351 870 3611 1696 1337 861 3574 1667 1319 848 3521 1761 1386 895 3707 1631 1294 831 3453 1634 1292 830 3451 1662 1317 847 3515 1628 1291 831 3446 1678 1326 856 3543 1734 1368 884 3658
2018-8-22 12:20:0 1515 1200 768 3201 1514 1196 766 3192 1578 1239 795 3314 1676 1311 843 3511 1590 1250 803 3343 1562 1229 788 3285 1597 1254 804 3353 1429 1134 724 3023 1583 1242 795 3324 1572 1233 791 3299 1608 1259 808 3371 1589 1247 800 3337 1556 1222 783 3267 1636 1278 821 3422 1669 1300 836 3487 1421 1125 717 2999 1680 1307 841 3505 1643 1281 823 3433 1571 1230 789 3292 1493 1173 750 3135 1544 1208 773 3233 1585 1240 795 3318 1497 1174 751 3140 1581 1233 790 3303 1548 1207 772 3232 1472 1157 738 3089 1452 1142 728 3048 1555 1208 773 3238 1467 1147 731 3068 1471 1150 733 3077 1519 1186 758 3174 1509 1178 753 3153 1482 1159 741 3100 1503 1172 750 3139 1514 1180 754 3160 1435 1124 716 3006 1352 1066 676 2845 1433 1122 715 3000 1499 1169 748 3130 1512 1178 754 3155 1422 1115 712 2980 1429 1119 714 2992 1503 1174 751 3142 1479 1158 741 3096 1530 1190 762 3188 1445 1132 722 3027 1419 1115 711 2978 1456 1141 729 3051 1467 1149 733 3071 1517 1183 759 3169 1514 1182 757 3163 1551 1207 775 3234 1587 1230 791 3299 1397 1099 700 2934 1397 1098 699 2931 1437 1128 719 3012 1478 1152 737 3085 1474 1151 736 3079 1414 1109 708 2964 1636 1268 815 3402
2018-8-22 12:21:0 1509 1187 760 3172 1570 1233 790 3297 1521 1198 767 3200 1554 1221 783 3263 1562 1227 786 3280 1597 1253 802 3351 1512 1190 761 3180 1550 1218 780 3255 1474 1165 744 3109 1452 1147 733 3061 1618 1264 812 3386 1640 1280 822 3429 1447 1143 729 3051 1495 1178 754 3147 1637 1279 822 3426 1603 1253 803 3356 1612 1259 808 3373 1473 1160 740 3099 1598 1253 804 3353 1650 1289 829 3453 1704 1326 854 3556 1437 1138 817 3035 1407 1116 711 2974 1533 1207 772 3224 1614 1264 811 3382 1665 1300 836 3482 1442 1141 728 3042 1491 1175 751 3138 1520 1194 764 3191 1567 1230 788 3289 1620 1269 814 3395 1707 1330 857 3566 1647 1287 828 3447 1520 1198 767 3198 1492 1177 752 3141 1476 1163 743 3106 1628 1272 818 3408 1539 1211 775 3236 1604 1255 805 3360 1520 1196 766 3195 1444 1141 728 3043 1606 1253 804 3358 1481 1167 746 3116 1522 1198 767 3200 1659 1293 832 3466 1600 1255 805 3357 1589 1245 798 3332 1554 1219 782 3260 1510 1189 761 3176 1620 1266 813 3390 1711 1333 858 3573 1472 1163 743 3103 1465 1158 740 3089 1433 1135 724 3025 1638 1282 823 3432 1561 1224 785 3274 1561 1228 788 3281 1660 1297 835 3474 1561 1226 785 3278 1549 1216 780 3251
2018-8-22 12:22:0 1670 1310 841 3506 1692 1323 853 3545 1728 1350 868 3618 1639 1288 827 3444 1553 1230 787 3281 1701 1333 858 3568 1638 1291 831 3449 1558 1234 790 3292 1745 1369 882 3663 1613 1276 819 3406 1533 1214 777 3238 1555 1231 788 3285 1665 1310 842 3502 1580 1250 801 3337 1706 1342 865 3589 1605 1269 814 3388 1537 1219 781 3251 1539 1219 781 3253 1595 1264 811 3372 1591 1259 816 3359 1637 1289 828 3446 1575 1245 798 3323 1612 1275 819 3404 1725 1355 875 3624 1768 1388 895 3714 1559 1236 792 3296 1621 1279 820 3416 1613 1271 815 3396 1629 1281 822 3425 1637 1286 826 3439 1567 1237 792 3301 1728 1351 869 3618 1582 1244 795 3324 1514 1196 764 3191 1689 1322 850 3539 1701 1326 853 3554 1693 1321 850 3542 1685 1322 850 3537 1602 1258 806 3364 1671 1307 840 3501 1647 1290 828 3453 1724 1346 867 3607 1535 1214 776 3238 1572 1238 792 3308 1569 1234 789 3298 1557 1224 782 3272 1705 1331 855 3566 1648 1293 829 3457 1691 1322 851 3540 1558 1227 785 3278 1824 1413 911 3795 1607 1260 807 3370 1508 1190 759 3177 1560 1225 783 3275 1559 1226 784 3276 1529 1203 767 3214 1530 1204 769 3214 1600 1254 804 3354 1743 1353 870 3630 1700 1319 847 3541
2018-8-22 12:23:0 1491 1169 745 3123 1524 1193 760 3189 1718 1335 854 3578 1522 1194 759 3189 1603 1252 798 3349 1705 1325 847 3549 1652 1287 822 3445 1619 1264 807 3379 1645 1281 818 3429 1636 1271 811 3405 1592 1241 791 3320 1628 1266 809 3392 1576 1230 786 3291 1670 1298 832 3478 1461 1146 729 3061 1665 1294 829 3466 1581 1232 788 3297 1491 1166 743 3118 1614 1256 804 3363 1521 1190 759 3181 1507 1180 752 3154 1657 1285 824 3446 1617 1256 803 3365 1490 1166 742 3117 1546 1207 772 3228 1543 1204 769 3222 1511 1181 754 3158 1467 1148 732 3069 1473 1154 734 3083 1600 1245 796 3335 1526 1190 759 3185 1393 1097 698 2926 1705 1322 849 3546 1489 1167 743 3116 1487 1168 744 3118 1522 1193 762 3188 1514 1187 757 3171 1500 1177 750 3144 1515 1186 756 3171 1472 1156 736 3087 1558 1216 776 3253 1557 1215 775 3250 1598 1245 796 3333 1586 1240 792 3315 1547 1210 772 3235 1470 1156 736 3085 1542 1207 770 3227 1692 1315 842 3525 1716 1332 854 3573 1598 1248 797 3339 1464 1152 734 3075 1730 1340 860 3596 1707 1325 850 3552 1619 1263 808 3381 1545 1209 771 3234 1542 1207 770 3227 1567 1226 782 3278 1606 1254 802 3353 1718 1334 855 3576 1619 1261 806 3377
2018-8-22 12:24:0 1659 1302 833 3479 1662 1306 836 3489 1632 1284 819 3428 1740 1368 876 3653 1875 1464 940 3918 1811 1413 905 3784 1870 1455 933 3900 1913 1486 954 3984 1932 1501 964 4025 1808 1412 905 3780 2006 1556 1001 4175 1914 1487 954 3987 1726 1352 863 3614 1967 1527 981 4095 1686 1325 846 3538 1844 1437 921 3848 1974 1529 982 4104 1706 1340 855 3578 1905 1481 950 3969 1748 1372 876 3665 1868 1458 934 3903 1892 1475 946 3949 1911 1489 955 3989 1780 1392 889 3723 1957 1522 976 4079 1823 1423 912 3809 1802 1406 901 3764 1806 1411 903 3776 1690 1326 847 3543 1939 1508 968 4041 1878 1463 939 3918 1963 1524 979 4086 1762 1381 883 3692 1797 1406 901 3760 1880 1466 940 3925 1698 1335 851 3705 1813 1416 907 3788 1810 1416 906 3787 2071 1604 1032 4306 1860 1453 930 3887 1870 1458 935 3903 2168 1671 1078 4492 1771 1388 888 3709 2207 1698 1096 4569 1809 1418 907 3790 1792 1408 902 4345 1848 1444 925 3864 1786 1403 898 3747 1916 1494 957 4002 1868 1463 937 3911 1990 1546 992 4146 1985 1545 993 4139 1812 1419 908 3794 1736 1365 872 3645 1790 1403 898 3750 1968 1531 983 4103 1795 1404 899 3756 1854 1447 925 3873 1981 1538 988 4125 1969 1528 982 4099
2018-8-22 12:25:0 1850 1446 924 3866 2276 1749 1124 4702 1970 1532 980 4102 2174 1680 1078 4508 1954 1521 975 4073 1856 1442 926 3865 1521 1196 766 3192 1601 1250 803 3346 1447 1139 733 3041 1279 1016 653 2705 1305 1031 664 2751 1253 991 638 2644 1236 980 631 2612 1248 989 637 2637 1229 977 630 2602 1362 1075 695 2870 1289 1022 658 2723 1259 998 641 2660 1286 1020 656 2717 1368 1081 694 2882 1272 1011 648 2690 1256 997 642 2655 1213 965 620 2568 1180 940 604 2501 1340 1056 681 2819 1232 980 630 2608 1284 1019 656 2715 1343 1059 683 2828 1228 976 628 2599 1296 1024 660 2733 1197 952 613 2535 1217 966 622 2574 1220 970 624 2582 1186 943 607 2511 1272 1006 649 2685 1285 1016 655 2710 1204 955 616 2546 1262 998 646 2665 1213 962 622 2565 1160 923 597 2459 1163 925 598 2464 1185 940 608 2506 1155 919 593 2449 1172 932 603 2484 1084 869 560 2309 1089 872 562 2318 1128 899 580 2394 1094 875 565 2327 1186 942 609 2510 1236 977 633 2609 1120 896 577 2382 1192 949 612 2528 1232 981 631 2611 1242 989 636 2633 1363 1077 695 2873 1399 1103 711 2946 1362 1076 694 2872 1343 1063 687 2836 1298 1027 662 2739 1272 1009 650 2689
2018-8-22 12:26:0 1161 928 601 2467 1226 974 632 2594 1223 972 630 2587 1157 923 597 2454 1127 901 581 2395 1205 958 620 2550 1180 940 609 2501 1138 910 590 2420 1117 894 578 2375 1198 953 617 2536 1153 920 595 2446 1148 917 594 2439 1130 904 585 2402 1190 947 615 2521 1166 929 602 2473 1146 916 592 2437 1185 944 618 2513 1221 972 629 2588 1263 1004 649 2674 1313 1044 675 2780 1350 1074 694 2859 1467 1159 750 3093 1452 1150 742 3066 1373 1094 704 2912 1567 1234 798 3297 1399 1114 718 2965 1394 1110 716 2955 1486 1176 760 3137 1412 1121 724 2988 1439 1141 738 3042 1491 1179 763 3147 1448 1148 741 3061 1495 1181 763 3153 1498 1185 766 3162 1441 1141 737 3043 1312 1045 674 2782 1387 1097 710 2928 1261 1001 648 2668 1145 916 594 2435 1153 919 597 2448 1149 917 595 2441 1159 924 600 2461 1149 917 595 2441 1170 933 605 2483 1157 924 599 2457 1169 932 604 2481 1147 917 594 2438 1157 922 599 2456 1159 923 600 2458 1146 914 595 2434 1065 854 555 2270 1131 901 586 2400 1043 837 543 2224 1008 810 526 2151 1002 804 523 2135 1015 814 529 2162 1006 807 525 2145 1014 813 529 2160 1025 821 534 2183 982 790 513 2097
2018-8-22 12:27:0 1175 939 609 2497 1226 980 634 2605 1277 1019 659 2710 1353 1074 695 2861 1433 1133 733 3024 1518 1198 776 3198 1475 1167 755 3112 1422 1128 728 3005 1414 1124 725 2992 1449 1148 741 3059 1518 1200 776 3202 1484 1174 759 3130 1438 1140 736 3037 1403 1113 719 2965 1385 1097 710 2924 1288 1026 662 2731 1274 1014 655 2700 1231 981 635 2611 1247 992 643 2642 1205 960 622 2556 1192 951 616 2529 1183 943 611 2509 1179 937 608 2497 1126 899 582 2391 1096 876 568 2329 1120 893 580 2376 1089 871 566 2315 1080 864 561 2297 1117 891 579 2370 1105 883 574 2347 1110 886 576 2356 1088 870 564 2313 1090 871 565 2316 1104 880 572 2342 1089 869 564 2311 1095 873 567 2322 1092 870 565 2315 1061 847 549 2252 1090 868 563 2309 1048 837 543 2225 1052 839 545 2231 1028 821 533 2182 1035 825 536 2195 1011 808 524 2147 1030 822 534 2186 1032 824 535 2190 1025 818 532 2176 1037 826 537 2199 1028 819 532 2178 1021 812 528 2163 1003 798 519 2125 985 786 511 2089 991 790 513 2101 994 792 514 2106 1002 798 520 2123 1005 800 521 2128 995 793 516 2109 989 791 514 2102 1008 806 523 2141 1030 822 534 2185
2018-8-22 12:28:0 5438 4957 4767 11420 4505 4115 3937 9622 4517 4120 3934 9644 4305 3923 3766 9068 4770 4373 4243 9887 5473 5026 4913 11089 5658 5194 5070 11463 5668 5198 5083 11385 6017 5517 5390 12072 5377 4902 4752 10917 5286 4808 4653 10794 6135 5625 5496 12318 4520 4127 3954 9544 5141 4733 4635 10403 5153 4744 4654 10385 5081 4682 4594 10242 5275 4861 4766 10628 5339 4920 4828 10753 5555 5115 5017 11181 5963 5489 5383 11989 6225 5731 5624 12513 6121 5648 5553 12343 5962 5511 5425 12051 5792 5371 5301 11764 5882 5463 5402 11973 6191 5751 5690 12597 6325 5872 5807 12855 5983 5565 5509 12176 6383 5908 5839 12883 6321 5841 5773 12724 6203 5738 5675 12504 6247 5779 5714 12593 6265 5794 5729 12626 6269 5798 5732 12631 6257 5786 5721 12605 6221 5754 5690 12536 6204 5738 5675 12503 6167 5705 5643 12432 6139 5679 5618 12375 6127 5668 5606 12350 6130 5669 5607 12352 6143 5681 5618 12377 6166 5701 5638 12421 6184 5716 5653 12453 6192 5724 5660 12470 6223 5751 5686 12527 6270 5793 5727 12617 6339 5857 5788 12755 6386 5900 5830 12849 6489 5993 5920 13051 6611 6103 6027 13287 6746 6226 6147 13557 6817 6293 6211 13706 6985 6445 6359 14033 7160 6605 6514 14383 7275 6709 6616 14607 7297 6730 6636 14654 7279 6716 6623 14629 7092 6551 6463 14281 6990 6460 6375 14087
2018-8-22 12:29:0 5439 5055 5009 11048 5403 5021 4974 10968 5408 5027 4981 10986 5410 5031 4988 10994 5335 4963 4920 10851 5308 4937 4894 10790 5374 4999 4955 10933 5467 5084 5039 11118 5467 5081 5031 11106 5395 5014 4967 10959 5377 5001 4955 10937 5263 4896 4852 10707 5191 4831 4791 10564 5019 4680 4648 10236 5020 4679 4648 10229 5209 4851 4813 10611 5188 4829 4790 10560 5178 4824 4788 10551 5190 4833 4797 10565 5252 4889 4850 10690 5278 4911 4871 10733 5351 4979 4937 10883 5443 5062 5018 11061 5433 5050 5004 11034 5391 5011 4966 10943 5383 5006 4961 10937 5412 5031 4987 10987 5350 4972 4926 10855 5055 4702 4666 10249 4918 4578 4546 9977 4874 4533 4500 9872 4847 4502 4463 9804 3595 3371 3370 7333 3640 3417 3417 7450 3771 3543 3543 7747 3700 3482 3485 7616 3725 3504 3506 7663 3973 3729 3723 8152 4501 4206 4184 9200 4413 4124 4102 9014 4318 4035 4016 8818 4200 3925 3909 8571 4429 4131 4106 9020 4243 3958 3937 8640 4255 3967 3945 8656 4174 3887 3864 8463 4411 4095 4063 8905 4554 4214 4244 9139 4594 4252 4210 9219 4545 4209 4170 9116 4535 4200 4159 9100 4503 4169 4128 9034 4381 4059 4022 8799 4429 4104 4068 8897 4307 3992 3955 8657 4131 3831 3798 8307 4176 3869 3835 8389 4426 4098 4057 8886 4086 3794 3766 8220 3889 3615 3592 7826
2018-8-22 12:30:0 5176 4729 4656 10149 5173 4728 4656 10156 5096 4658 4587 9996 5059 4624 4554 9925 4995 4565 4498 9793 4997 4569 4502 9812 4953 4529 4463 9718 4928 4507 4441 9667 4887 4469 4405 9582 4869 4453 4389 9548 4877 4461 4396 9557 4891 4473 4408 9583 4941 4519 4453 9682 4930 4508 4442 9655 4962 4538 4470 9713 5096 4661 4588 9991 5297 4847 4771 10405 5578 5102 5017 10974 5679 5195 5107 11179 5779 5286 5195 11379 5908 5399 5302 11616 5976 5458 5359 11744 5955 5435 5335 11677 5982 5459 5357 11728 6070 5539 5436 11923 6103 5569 5465 11990 6160 5621 5515 12099 6240 5694 5585 12258 6311 5760 5649 12407 6335 5781 5669 12449 6708 6120 5997 13182 7039 6421 6289 13830 6690 6108 5986 13159 6208 5671 5562 12201 6350 5808 5699 12536 6367 5828 5720 12582 5873 5382 5291 11619 5533 5073 4991 10941 5093 4677 4610 10093 4939 4536 4473 9776 4803 4412 4353 9505 4693 4312 4256 9281 4652 4274 4219 9200 4613 4240 4186 9137 4595 4225 4173 9114 4561 4194 4142 9046 4539 4177 4126 9013 4498 4141 4091 8932 4457 4102 4053 8836 4404 4052 4005 8726 4383 4037 3992 8710 4188 3857 3815 8286 4267 3930 3887 8454 4262 3926 3883 8452 4260 3924 3883 8453 4323 3983 3941 8584 4298 3959 3916 8523 4250 3913 3872 8422 4248 3912 3871 8420 4207 3874 3832 8330
2018-8-22 12:31:0 4461 4085 4034 8727 4421 4047 3997 8642 4522 4140 4089 8850 4335 3968 3921 8457 4314 3950 3904 8419 4308 3944 3899 8403 4328 3962 3916 8442 4364 3995 3948 8518 4448 4071 4022 8688 4498 4116 4067 8794 4554 4168 4118 8920 4566 4180 4130 8949 4577 4190 4139 8970 4593 4204 4153 9003 4614 4223 4172 9046 4570 4181 4130 8938 4490 4107 4057 8758 4491 4108 4057 8757 4486 4101 4050 8736 4620 4222 4169 9007 4668 4264 4208 9083 4704 4295 4238 9147 4824 4405 4345 9391 4887 4462 4401 9520 4977 4545 4482 9706 5082 4640 4574 9922 5097 4653 4586 9943 5092 4649 4581 9931 5214 4761 4690 10187 5273 4814 4741 10295 5347 4883 4807 10446 5397 4928 4851 10544 5473 4997 4919 10697 5582 5095 5013 10912 5671 5176 5091 11087 5671 5175 5089 11078 5828 5317 5225 11369 6095 5560 5461 11892 6138 5598 5497 11971 6271 5717 5612 12226 6368 5801 5692 12401 6618 6024 5908 12866 6761 6153 6032 13138 7003 6367 6239 13602 7174 6520 6385 13925 7350 6677 6537 14267 7454 6770 6627 14470 7717 7007 6856 14987 8150 7400 7237 15849 8371 7598 7428 16278 8927 8095 7909 17355 9168 8307 8113 17787 9150 8289 8095 17750 8915 8074 7888 17290 8789 7956 7772 17016 8767 7933 7749 16946 8876 8027 7839 17126 8990 8126 7934 17328 9304 8402 8200 17901 9677 8729 8516 18573
2018-8-22 12:32:0 1016 912 914 1812 1079 971 972 1941 1079 971 972 1937 1023 920 921 1827 954 861 862 1701 940 846 848 1670 950 855 857 1694 930 838 840 1654 983 887 888 1763 1054 962 960 1935 1099 978 975 2018 1073 945 942 1958 1195 1065 1062 2229 1261 1131 1128 2364 1577 1407 1398 2957 4376 3970 3887 8488 5234 4763 4670 10196 5234 4766 4676 10189 5296 4826 4736 10327 5276 4811 4724 10290 5226 4766 4680 10185 5275 4813 4726 10292 5353 4886 4799 10458 5453 4979 4886 10665 5539 5056 4960 10827 5648 5156 5058 11052 5612 5121 5021 10971 5749 5247 5144 11254 5809 5306 5202 11394 5799 5300 5198 11394 5837 5339 5238 11506 5843 5347 5247 11531 5829 5334 5235 11500 5821 5328 5230 11482 5832 5340 5243 11515 5791 5305 5209 11438 5553 5090 4999 10968 5283 4844 4759 10425 5016 4602 4524 9898 4957 4548 4472 9784 4937 4532 4456 9752 4869 4470 4397 9615 4974 4567 4492 9828 5004 4595 4519 9892 4970 4566 4492 9833 5039 4631 4556 9978 5154 4737 4660 10219 5157 4739 4662 10220 5189 4768 4689 10283 5231 4806 4727 10367 5256 4827 4748 10418 5243 4815 4737 10390 4800 4409 4341 9495 4603 4224 4160 9102 4451 4080 4017 8774 4309 3946 3886 8475 4222 3868 3809 8298 4049 3709 3654 7944 3952 3621 3568 7749 3850 3528 3476 7544
