METADATA
initial_wait: 300
measures: 10
period: 1
depth: 0.30
lat: 0.00
lon: 0.00
timestamp: 2018/7/5 12:56:2
sample_counter: 1
name: KduinoPro1
maker: ICM-CSIC
curator: ICM-CSIC
email: 
sensors: TCS34725
description: Buoy1 KduinoPro1 depth03
place: lab ICM
units: counts, counts, counts, counts, lux, degree_celsius
DATA
DATE HOUR RED GREEN BLUE CLEAR LUX COLOR_TEMP
2018/7/5 12:57:0 11 11 9 31 7 5164
2018/7/5 12:58:0 12 12 10 34 7 5344
2018/7/5 12:59:0 4 3 3 9 1 5195
2018/7/5 13:0:0 10 13 12 34 9 7091
2018/7/5 13:1:0 15 19 16 48 12 6725
2018/7/5 13:2:0 19 27 23 67 19 7217
2018/7/5 13:3:0 19 27 23 67 19 7217
2018/7/5 13:4:0 24 30 26 79 19 7103
2018/7/5 13:5:0 33 38 35 102 24 7257
2018/7/5 13:6:0 23 29 26 75 19 7568
2018/7/5 13:7:0 3 3 3 9 1 7936
2018/7/5 13:8:0 3 3 3 8 1 8890
2018/7/5 13:9:0 20 20 17 54 11 5377
2018/7/5 13:10:0 7 9 7 23 5 6756
2018/7/5 13:11:0 9 10 8 27 6 5745
2018/7/5 13:12:0 2 2 2 7 1 7178
2018/7/5 13:13:0 0 0 0 0 0 65535
2018/7/5 13:14:0 0 0 0 0 0 65535
2018/7/5 13:15:0 1445 1369 1346 3707 706 7854
2018/7/5 13:16:0 5059 6763 6168 18067 4516 8203
2018/7/5 13:17:0 4471 5974 5392 15841 4030 7977
2018/7/5 13:18:0 4233 5790 5193 15239 3963 7957
2018/7/5 13:19:0 4097 5698 5092 14924 3936 7960
2018/7/5 13:20:0 3951 5563 4959 14518 3868 7964
2018/7/5 13:21:0 3838 5479 4880 14243 3830 8006
2018/7/5 13:22:0 3761 5436 4827 14086 3825 7999
2018/7/5 13:23:0 3685 5357 4751 13859 3782 7997
2018/7/5 13:24:0 3626 5299 4694 13688 3749 7999
2018/7/5 13:25:0 3604 5296 4688 13662 3756 8008
2018/7/5 13:26:0 3546 5225 4622 13467 3712 8005
2018/7/5 13:27:0 3525 5214 4611 13426 3710 8013
2018/7/5 13:28:0 3502 5192 4589 13361 3699 8010
2018/7/5 13:29:0 3488 5185 4580 13331 3698 8012
2018/7/5 13:30:0 3478 5167 4565 13290 3685 8011
2018/7/5 13:31:0 3479 5164 4562 13284 3682 8006
2018/7/5 13:32:0 3489 5176 4572 13314 3690 8002
2018/7/5 13:33:0 3480 5164 4561 13284 3682 8001
2018/7/5 13:34:0 3477 5163 4560 13280 3682 8003
2018/7/5 13:35:0 3458 5141 4539 13219 3670 8000
2018/7/5 13:36:0 3451 5139 4535 13207 3670 8002
2018/7/5 13:37:0 3440 5132 4528 13183 3668 8005
2018/7/5 13:38:0 3441 5143 4537 13206 3678 8009
2018/7/5 13:39:0 3434 5138 4532 13190 3677 8011
2018/7/5 13:40:0 3422 5122 4517 13145 3667 8007
2018/7/5 13:41:0 3432 5150 4541 13208 3690 8013
2018/7/5 13:42:0 3413 5119 4513 13131 3669 8009
2018/7/5 13:43:0 3416 5130 4521 13153 3677 8009
2018/7/5 13:44:0 3410 5125 4517 13138 3676 8013
2018/7/5 13:45:0 3395 5098 4493 13072 3655 8008
2018/7/5 13:46:0 3387 5085 4481 13038 3645 8004
2018/7/5 13:47:0 3384 5083 4479 13031 3646 8006
2018/7/5 13:48:0 3385 5082 4479 13032 3644 8005
2018/7/5 13:49:0 3383 5082 4478 13028 3645 8004
2018/7/5 13:50:0 3395 5104 4497 13084 3662 8008
2018/7/5 13:51:0 3376 5077 4472 13011 3644 8004
2018/7/5 13:52:0 2303 3458 3062 8803 2469 8098
2018/7/5 13:53:0 13 13 11 38 7 6097
2018/7/5 13:54:0 10 12 10 33 7 6330
2018/7/5 13:55:0 7 8 7 23 5 7078
2018/7/5 13:56:0 9 10 9 28 6 6971
2018/7/5 13:57:0 9 10 9 28 6 6971
2018/7/5 13:58:0 8 9 8 24 5 6825
2018/7/5 13:59:0 9 10 9 28 6 6971
2018/7/5 14:0:0 9 10 9 28 6 6971
2018/7/5 14:1:0 9 10 9 28 6 6971
2018/7/5 14:2:0 8 10 8 27 7 5931
2018/7/5 14:3:0 8 9 8 25 5 6825
2018/7/5 14:4:0 8 9 8 25 5 6825
2018/7/5 14:5:0 6 8 7 22 5 7388
2018/7/5 14:6:0 8 9 8 25 5 6825
2018/7/5 14:7:0 7 9 7 24 6 5763
2018/7/5 14:8:0 7 8 7 22 5 6656
2018/7/5 14:9:0 7 9 8 25 6 7501
2018/7/5 14:10:0 8 10 8 27 6 7461
2018/7/5 14:11:0 8 10 9 28 6 6991
2018/7/5 14:12:0 8 9 8 25 5 6825
2018/7/5 14:13:0 8 9 7 24 5 6161
2018/7/5 14:14:0 7 8 7 23 5 6656
2018/7/5 14:15:0 8 9 7 24 5 6260
2018/7/5 14:16:0 8 9 8 25 5 6825
2018/7/5 14:17:0 8 9 8 24 5 6825
2018/7/5 14:18:0 7 8 7 23 5 6656
2018/7/5 14:19:0 13 18 16 48 11 8833
2018/7/5 14:20:0 7 8 7 23 5 6628
2018/7/5 14:21:0 5 6 5 16 4 6219
2018/7/5 14:22:0 7 8 7 22 5 6656
2018/7/5 14:23:0 8 9 8 24 5 6825
2018/7/5 14:24:0 8 9 8 24 5 6825
2018/7/5 14:25:0 8 9 7 24 5 6772
2018/7/5 14:26:0 8 9 8 24 5 6825
2018/7/5 14:27:0 8 9 8 24 5 6825
2018/7/5 14:28:0 8 9 8 24 5 6825
2018/7/5 14:29:0 8 9 8 24 5 6825
2018/7/5 14:30:0 8 9 8 24 5 6825
2018/7/5 14:31:0 8 9 7 24 5 6250
2018/7/5 14:32:0 8 9 7 24 6 5253
2018/7/5 14:33:0 8 9 7 24 5 6367
2018/7/5 14:34:0 8 9 7 24 5 5271
2018/7/5 14:35:0 8 9 7 24 6 5253
2018/7/5 14:36:0 8 9 7 24 6 5253
2018/7/5 14:37:0 8 9 7 24 6 5253
2018/7/5 14:38:0 7 9 7 24 6 5269
2018/7/5 14:39:0 8 9 7 24 6 5253
2018/7/5 14:40:0 8 9 7 24 6 5253
2018/7/5 14:41:0 8 9 7 24 6 5253
2018/7/5 14:42:0 7 9 7 24 6 5526
2018/7/5 14:43:0 7 8 7 24 5 6237
2018/7/5 14:44:0 7 8 7 24 5 6354
2018/7/5 14:45:0 7 8 7 24 5 6050
2018/7/5 14:46:0 7 8 7 24 5 6281
2018/7/5 14:47:0 7 8 7 24 5 6338
2018/7/5 14:48:0 7 8 7 24 5 6115
2018/7/5 14:49:0 7 8 7 24 5 6656
2018/7/5 14:50:0 7 8 7 23 5 6656
2018/7/5 14:51:0 7 8 7 23 5 6656
2018/7/5 14:52:0 7 8 7 23 5 6656
2018/7/5 14:53:0 7 8 7 23 5 6656
2018/7/5 14:54:0 7 8 7 23 5 6656
2018/7/5 14:55:0 7 8 7 23 5 6656
2018/7/5 14:56:0 7 8 7 23 5 6656
2018/7/5 14:57:0 7 8 7 23 5 6656
2018/7/5 14:58:0 7 8 7 23 5 6656
2018/7/5 14:59:0 7 8 7 23 5 6656
2018/7/5 15:0:0 7 8 7 23 5 6656
2018/7/5 15:1:0 7 8 7 23 5 6656
2018/7/5 15:2:0 7 8 7 23 5 6656
2018/7/5 15:3:0 7 8 7 23 5 6656
2018/7/5 15:4:0 7 8 7 23 5 6656
2018/7/5 15:5:0 7 8 7 23 5 6656
2018/7/5 15:6:0 7 8 7 23 5 6656
2018/7/5 15:7:0 7 8 7 23 5 6656
2018/7/5 15:8:0 7 8 7 23 5 6656
2018/7/5 15:9:0 7 8 7 23 5 6656
2018/7/5 15:10:0 7 8 7 23 5 6656
2018/7/5 15:11:0 7 8 7 23 5 6656
2018/7/5 15:12:0 7 8 7 23 5 6656
2018/7/5 15:13:0 7 8 7 24 5 6078
2018/7/5 15:14:0 7 8 7 24 5 5820
2018/7/5 15:15:0 7 8 7 24 5 5820
2018/7/5 15:16:0 9 11 9 30 7 6082
2018/7/5 15:17:0 8 9 8 26 5 6825
2018/7/5 15:18:0 7 9 8 25 5 6879
2018/7/5 15:19:0 9 11 10 31 7 7684
2018/7/5 15:20:0 9 11 10 31 7 7684
2018/7/5 15:21:0 9 11 10 31 6 7490
2018/7/5 15:22:0 8 10 8 28 6 6378
2018/7/5 15:23:0 9 11 10 31 7 7684
2018/7/5 15:24:0 9 11 9 30 7 7167
2018/7/5 15:25:0 9 11 9 30 7 6291
2018/7/5 15:26:0 9 11 9 30 7 6354
2018/7/5 15:27:0 9 11 9 30 7 6354
2018/7/5 15:28:0 9 11 9 30 7 7114
2018/7/5 15:29:0 9 11 9 30 7 6135
2018/7/5 15:30:0 9 11 9 30 7 6082
2018/7/5 15:31:0 9 11 9 29 7 6082
2018/7/5 15:32:0 8 10 9 28 6 7597
2018/7/5 15:33:0 7 9 8 25 6 7501
2018/7/5 15:34:0 9 11 9 30 7 6082
2018/7/5 15:35:0 10 12 11 34 8 6949
2018/7/5 15:36:0 7 8 7 24 5 6656
2018/7/5 15:37:0 7 8 7 24 5 6656
2018/7/5 15:38:0 7 8 7 23 5 6656
2018/7/5 15:39:0 7 8 7 23 5 6656
2018/7/5 15:40:0 7 8 7 23 5 6656
2018/7/5 15:41:0 7 8 7 24 5 6656
2018/7/5 15:42:0 7 8 7 24 5 6656
2018/7/5 15:43:0 7 8 7 24 5 6656
2018/7/5 15:44:0 7 8 7 23 5 6656
2018/7/5 15:45:0 7 8 7 23 5 6656
2018/7/5 15:46:0 7 8 7 23 5 6656
2018/7/5 15:47:0 7 8 7 23 5 6656
2018/7/5 15:48:0 7 8 7 23 5 6656
2018/7/5 15:49:0 7 8 7 23 5 6656
2018/7/5 15:50:0 7 8 7 23 5 6656
2018/7/5 15:51:0 7 8 7 23 5 6656
2018/7/5 15:52:0 7 8 7 23 5 6656
2018/7/5 15:53:0 7 8 7 23 5 6656
2018/7/5 15:54:0 7 8 7 23 5 6656
2018/7/5 15:55:0 7 8 7 23 5 6656
2018/7/5 15:56:0 7 8 7 23 5 6656
2018/7/5 15:57:0 7 8 7 23 5 6656
2018/7/5 15:58:0 7 8 7 23 5 6656
2018/7/5 15:59:0 7 8 7 23 5 6656
2018/7/5 16:0:0 7 8 7 23 5 6656
2018/7/5 16:1:0 7 8 7 23 5 6656
2018/7/5 16:2:0 7 8 7 23 5 6656
2018/7/5 16:3:0 7 8 7 24 5 6656
2018/7/5 16:4:0 7 8 7 24 5 6656
2018/7/5 16:5:0 7 9 7 24 6 5594
2018/7/5 16:6:0 8 9 7 24 6 5253
2018/7/5 16:7:0 8 9 7 24 5 6419
2018/7/5 16:8:0 8 9 8 24 5 6825
2018/7/5 16:9:0 8 9 8 24 5 6825
2018/7/5 16:10:0 7 8 7 23 4 6104
2018/7/5 16:11:0 9 13 10 32 8 6582
2018/7/5 16:12:0 5 6 6 17 3 10198
2018/7/5 16:13:0 9 12 10 31 8 6657
2018/7/5 16:14:0 8 11 9 31 7 6663
2018/7/5 16:15:0 9 12 10 31 8 6657
2018/7/5 16:16:0 7 9 7 23 6 6504
2018/7/5 16:17:0 5 6 5 16 4 6219
2018/7/5 16:18:0 5 6 6 17 3 10306
2018/7/5 16:19:0 8 11 9 28 8 6543
2018/7/5 16:20:0 5 7 6 18 4 6506
2018/7/5 16:21:0 5 6 6 17 3 10306
2018/7/5 16:22:0 5 6 6 18 4 7444
2018/7/5 16:23:0 8 10 9 29 6 7666
2018/7/5 16:24:0 36 44 39 116 28 7251
2018/7/5 16:25:0 32 39 35 105 24 7496
2018/7/5 16:26:0 11 14 12 37 9 6856
2018/7/5 16:27:0 11 14 12 38 9 6971
2018/7/5 16:28:0 10 13 12 36 8 8331
2018/7/5 16:29:0 47 58 52 156 37 7450
2018/7/5 16:30:0 11 13 12 37 8 7504
2018/7/5 16:31:0 1295 1197 545 3038 1069 2933
2018/7/5 16:32:0 2301 1959 916 5112 1673 2758
2018/7/5 16:33:0 2172 2150 986 5318 1966 3099
2018/7/5 16:34:0 1886 1838 823 4553 1686 3036
2018/7/5 16:35:0 1797 1758 784 4345 1617 3039
2018/7/5 16:36:0 1740 1705 758 4207 1571 3040
2018/7/5 16:37:0 1700 1668 739 4111 1539 3039
2018/7/5 16:38:0 1652 1615 716 3984 1489 3031
2018/7/5 16:39:0 1619 1580 700 3899 1455 3027
2018/7/5 16:40:0 1589 1550 686 3823 1428 3024
2018/7/5 16:41:0 1558 1514 671 3739 1392 3017
2018/7/5 16:42:0 1531 1485 658 3670 1365 3013
2018/7/5 16:43:0 1506 1457 645 3603 1337 3007
2018/7/5 16:44:0 1484 1430 634 3540 1311 3000
2018/7/5 16:45:0 1463 1409 625 3489 1291 2998
2018/7/5 16:46:0 1444 1386 615 3437 1268 2991
2018/7/5 16:47:0 1425 1365 606 3386 1248 2987
2018/7/5 16:48:0 1409 1343 597 3336 1225 2979
2018/7/5 16:49:0 1396 1330 591 3304 1213 2977
2018/7/5 16:50:0 1380 1314 584 3264 1198 2975
2018/7/5 16:51:0 875 682 320 1827 557 2544
2018/7/5 16:52:0 1013 872 418 2272 741 2814
2018/7/5 16:53:0 4 4 3 12 2 5741
2018/7/5 16:54:0 18 21 18 56 14 6457
2018/7/5 16:55:0 18 21 18 56 14 6457
2018/7/5 16:56:0 18 20 18 56 12 6971
2018/7/5 16:57:0 18 20 18 56 12 6971
2018/7/5 16:58:0 18 20 18 56 12 6971
2018/7/5 16:59:0 18 20 18 56 12 6971
2018/7/5 17:0:0 18 20 18 56 12 6971
2018/7/5 17:1:0 18 20 17 56 12 6358
2018/7/5 17:2:0 18 20 17 56 13 6107
2018/7/5 17:3:0 18 20 17 56 13 6107
2018/7/5 17:4:0 18 20 17 56 13 6107
2018/7/5 17:5:0 18 20 17 56 13 6107
2018/7/5 17:6:0 18 20 17 56 13 6107
2018/7/5 17:7:0 18 20 17 56 13 6107
2018/7/5 17:8:0 18 20 17 55 13 6107
2018/7/5 17:9:0 18 20 17 55 13 6107
2018/7/5 17:10:0 18 20 17 55 13 6107
2018/7/5 17:11:0 18 20 17 55 13 6107
2018/7/5 17:12:0 18 20 17 55 13 6107
2018/7/5 17:13:0 18 20 17 55 13 6107
2018/7/5 17:14:0 18 20 17 55 13 6107
2018/7/5 17:15:0 18 20 17 55 13 6107
2018/7/5 17:16:0 18 20 17 55 13 6107
2018/7/5 17:17:0 18 20 17 55 13 6107
2018/7/5 17:18:0 18 20 17 55 13 6107
2018/7/5 17:19:0 18 20 17 55 13 6107
2018/7/5 17:20:0 18 20 17 55 13 6107
2018/7/5 17:21:0 18 20 17 55 13 6107
2018/7/5 17:22:0 18 20 17 55 13 6107
2018/7/5 17:23:0 18 20 17 55 13 6107
2018/7/5 17:24:0 18 20 17 55 13 6107
2018/7/5 17:25:0 18 20 17 55 13 6107
2018/7/5 17:26:0 18 20 17 55 13 6107
2018/7/5 17:27:0 17 20 17 55 13 6142
2018/7/5 17:28:0 17 20 17 55 13 6126
2018/7/5 17:29:0 17 20 17 55 13 6381
2018/7/5 17:30:0 18 20 17 55 13 6107
2018/7/5 17:31:0 18 20 17 55 13 6107
2018/7/5 17:32:0 18 20 17 55 13 6107
2018/7/5 17:33:0 17 20 17 55 13 6382
2018/7/5 17:34:0 1 2 4 7 0 5070
2018/7/5 17:35:0 0 0 0 0 0 65535
2018/7/5 17:36:0 0 1 1 1 0 13410
2018/7/5 17:37:0 346 374 349 968 221 7536
2018/7/5 17:38:0 77 83 76 203 49 7172
2018/7/5 17:39:0 154 180 168 440 111 7951
2018/7/5 17:40:0 149 177 165 427 109 8078
2018/7/5 17:41:0 25 27 25 64 15 7298
2018/7/5 17:42:0 338 378 351 959 229 7630
2018/7/5 17:43:0 230 266 248 660 164 7899
2018/7/5 17:44:0 341 380 356 970 227 7809
2018/7/5 17:45:0 221 250 232 620 153 7686
2018/7/5 17:46:0 219 248 230 615 151 7676
2018/7/5 17:47:0 56 62 57 153 37 7285
2018/7/5 17:48:0 98 117 109 269 72 8280
METADATA
initial_wait: 300
measures: 10
period: 1
depth: 0.30
lat: 0.00
lon: 0.00
timestamp: 2018/7/5 12:56:2
sample_counter: 1
name: KduinoPro1
maker: ICM-CSIC
curator: ICM-CSIC
email: 
sensors: TCS34725
description: Buoy1 KduinoPro1 depth03
place: lab ICM
units: counts, counts, counts, counts, lux, degree_celsius
DATA
DATE HOUR RED GREEN BLUE CLEAR LUX COLOR_TEMP
2018/7/5 12:57:0 49 55 49 130 34 6819
2018/7/5 12:58:0 50 56 50 134 35 6876
2018/7/5 12:59:0 54 59 53 142 37 6655
2018/7/5 13:0:0 51 56 50 134 35 6765
2018/7/5 13:1:0 52 57 50 135 35 6761
2018/7/5 13:2:0 51 56 50 133 34 6743
2018/7/5 13:3:0 52 59 53 141 37 7040
2018/7/5 13:4:0 46 51 45 122 31 6907
2018/7/5 13:5:0 45 50 44 120 31 6842
2018/7/5 13:6:0 47 53 47 126 33 6799
2018/7/5 13:7:0 39 42 37 101 25 6527
METADATA
initial_wait: 600
measures: 10
period: 1
depth: 0.30
lat: 0.00
lon: 0.00
timestamp: 2018/7/10 15:5:15
sample_counter: 1
name: KduinoPro1
maker: ICM-CSIC
curator: ICM-CSIC
email: 
sensors: TCS34725
description: Buoy1 KduinoPro1 depth03 2 teaspoon coffee
place: lab ICM
units: counts, counts, counts, counts, lux, degree_celsius
DATA
DATE HOUR RED GREEN BLUE CLEAR LUX COLOR_TEMP
2018/7/10 15:6:0 45 51 47 136 32 7271
2018/7/10 15:7:0 45 53 48 139 33 7293
2018/7/10 15:8:0 0 0 0 0 0 65535
2018/7/10 15:9:0 342 143 79 513 57 1865
2018/7/10 15:10:0 462 329 160 926 251 2339
2018/7/10 15:11:0 345 144 79 519 56 1897
2018/7/10 15:12:0 335 141 77 505 58 1818
2018/7/10 15:13:0 330 141 76 500 58 1803
2018/7/10 15:14:0 326 139 75 494 58 1779
2018/7/10 15:15:0 325 139 75 493 59 1774
2018/7/10 15:16:0 322 138 75 489 58 1771
2018/7/10 15:17:0 321 138 74 488 58 1765
2018/7/10 15:18:0 321 138 75 489 58 1772
2018/7/10 15:19:0 320 138 74 487 59 1758
2018/7/10 15:20:0 320 138 74 487 59 1758
2018/7/10 15:21:0 319 138 74 486 59 1752
2018/7/10 15:22:0 320 138 74 487 59 1755
2018/7/10 15:23:0 320 138 74 487 58 1765
2018/7/10 15:24:0 321 138 74 488 58 1768
2018/7/10 15:25:0 320 138 74 487 59 1761
2018/7/10 15:26:0 320 138 74 486 59 1760
2018/7/10 15:27:0 319 138 74 486 59 1757
2018/7/10 15:28:0 319 137 74 485 59 1750
2018/7/10 15:29:0 318 137 74 484 59 1758
2018/7/10 15:30:0 317 137 74 483 58 1763
2018/7/10 15:31:0 317 137 74 483 58 1763
2018/7/10 15:32:0 317 137 74 482 58 1759
2018/7/10 15:33:0 317 137 74 482 59 1755
2018/7/10 15:34:0 315 136 73 480 59 1745
2018/7/10 15:35:0 316 137 73 481 59 1742
2018/7/10 15:36:0 315 136 73 480 58 1750
2018/7/10 15:37:0 315 136 73 479 58 1754
2018/7/10 15:38:0 4 5 4 15 3 5513
2018/7/10 15:39:0 657 300 153 1047 148 1642
2018/7/10 15:40:0 632 289 147 1007 143 1646
2018/7/10 15:41:0 154 70 67 188 11 2431
2018/7/10 15:42:0 97 42 43 110 3 5343
2018/7/10 15:43:0 7 8 7 23 5 6814
2018/7/10 15:44:0 9 9 8 26 5 6144
2018/7/10 15:45:0 9 10 8 27 7 5447
2018/7/10 15:46:0 9 10 8 27 7 5447
2018/7/10 15:47:0 9 10 8 27 7 5447
2018/7/10 15:48:0 9 10 9 27 6 6971
2018/7/10 15:49:0 9 10 9 27 6 6971
2018/7/10 15:50:0 9 10 8 27 6 6518
2018/7/10 15:51:0 9 10 8 27 7 5447
2018/7/10 15:52:0 9 10 8 27 7 5447
2018/7/10 15:53:0 8 9 8 26 5 6203
2018/7/10 15:54:0 9 10 9 28 5 6352
2018/7/10 15:55:0 10 10 9 29 6 5668
2018/7/10 15:56:0 7 8 7 22 5 6656
2018/7/10 15:57:0 9 10 9 29 5 6420
2018/7/10 15:58:0 9 10 8 27 6 5643
2018/7/10 15:59:0 11 14 13 38 8 7890
2018/7/10 16:0:0 13 16 14 41 10 7023
2018/7/10 16:1:0 13 16 14 42 10 7023
2018/7/10 16:2:0 13 16 15 43 10 8418
2018/7/10 16:3:0 13 16 15 43 10 8418
2018/7/10 16:4:0 13 16 14 42 10 7023
2018/7/10 16:5:0 12 15 13 38 10 6943
2018/7/10 16:6:0 13 15 14 40 9 7935
2018/7/10 16:7:0 12 15 13 40 9 8344
2018/7/10 16:8:0 12 15 13 40 10 6943
2018/7/10 16:9:0 11 14 12 36 9 6856
2018/7/10 16:10:0 12 15 13 39 10 6943
2018/7/10 16:11:0 12 15 13 39 10 6943
2018/7/10 16:12:0 11 14 12 37 9 6856
2018/7/10 16:13:0 12 14 13 38 8 7883
2018/7/10 16:14:0 12 14 13 38 8 7883
2018/7/10 16:15:0 12 14 13 38 8 7883
2018/7/10 16:16:0 12 14 13 38 8 7883
2018/7/10 16:17:0 12 14 13 38 8 7883
2018/7/10 16:18:0 12 14 13 38 8 7883
2018/7/10 16:19:0 12 14 13 38 8 7883
2018/7/10 16:20:0 12 14 12 37 9 6457
2018/7/10 16:21:0 10 13 11 34 9 6761
2018/7/10 16:22:0 10 13 11 34 9 6761
2018/7/10 16:23:0 11 13 11 35 8 6343
2018/7/10 16:24:0 11 13 12 35 8 7824
2018/7/10 16:25:0 11 14 12 36 9 6856
2018/7/10 16:26:0 11 14 12 36 9 6856
2018/7/10 16:27:0 11 14 12 36 9 6856
2018/7/10 16:28:0 11 14 12 36 9 6856
2018/7/10 16:29:0 11 13 12 35 8 7824
2018/7/10 16:30:0 10 13 11 34 9 6761
2018/7/10 16:31:0 10 13 11 33 9 6761
2018/7/10 16:32:0 11 13 12 35 8 7824
2018/7/10 16:33:0 11 13 11 34 8 6343
2018/7/10 16:34:0 11 13 11 34 8 6343
2018/7/10 16:35:0 11 13 12 35 8 7824
2018/7/10 16:36:0 11 13 11 35 8 7586
2018/7/10 16:37:0 11 13 11 35 8 6343
2018/7/10 16:38:0 10 13 11 33 9 6761
2018/7/10 16:39:0 10 12 11 33 7 7758
2018/7/10 16:40:0 10 12 11 33 7 7758
2018/7/10 16:41:0 9 12 10 32 8 6657
2018/7/10 16:42:0 7 9 7 24 6 6207
2018/7/10 16:43:0 5 5 3 13 3 3845
2018/7/10 16:44:0 349 382 355 980 229 7514
2018/7/10 16:45:0 225 247 233 636 146 7877
2018/7/10 16:46:0 218 240 226 618 142 7852
2018/7/10 16:47:0 214 235 222 607 138 7914
2018/7/10 16:48:0 215 236 222 608 139 7917
2018/7/10 16:49:0 216 236 223 610 139 7887
2018/7/10 16:50:0 207 227 214 585 134 7854
2018/7/10 16:51:0 207 226 213 584 133 7820
2018/7/10 16:52:0 201 220 207 567 129 7824
2018/7/10 16:53:0 203 221 208 571 130 7768
2018/7/10 16:54:0 195 212 200 547 124 7814
2018/7/10 16:55:0 193 211 199 545 123 7845
2018/7/10 16:56:0 188 207 196 535 122 7989
2018/7/10 16:57:0 188 208 197 536 123 8027
2018/7/10 16:58:0 182 202 192 521 119 8139
2018/7/10 16:59:0 178 198 188 511 116 8109
2018/7/10 17:0:0 177 196 187 507 115 8222
2018/7/10 17:1:0 175 195 186 503 114 8256
2018/7/10 17:2:0 173 193 183 498 113 8250
2018/7/10 17:3:0 174 193 184 500 114 8113
2018/7/10 17:4:0 173 192 183 497 112 8210
2018/7/10 17:5:0 172 192 183 495 113 8249
2018/7/10 17:6:0 171 191 182 493 112 8246
2018/7/10 17:7:0 170 190 181 490 112 8243
2018/7/10 17:8:0 165 184 176 477 107 8475
2018/7/10 17:9:0 166 186 178 480 109 8382
2018/7/10 17:10:0 167 188 179 485 111 8276
2018/7/10 17:11:0 169 189 180 488 111 8240
2018/7/10 17:12:0 169 189 181 489 110 8389
2018/7/10 17:13:0 165 186 177 480 109 8394
2018/7/10 17:14:0 163 183 175 473 107 8375
2018/7/10 17:15:0 161 181 174 469 106 8528
2018/7/10 17:16:0 160 180 173 467 105 8529
2018/7/10 17:17:0 158 178 171 461 104 8525
2018/7/10 17:18:0 156 176 169 456 103 8522
2018/7/10 17:19:0 152 172 166 446 100 8688
2018/7/10 17:20:0 150 170 163 440 100 8511
2018/7/10 17:21:0 149 168 161 435 98 8506
2018/7/10 17:22:0 146 166 159 429 97 8458
2018/7/10 17:23:0 147 167 160 432 98 8505
2018/7/10 17:24:0 145 165 159 427 96 8678
2018/7/10 17:25:0 144 163 157 422 95 8632
2018/7/10 17:26:0 143 162 156 419 95 8630
2018/7/10 17:27:0 141 160 154 414 94 8627
2018/7/10 17:28:0 140 160 154 413 94 8674
2018/7/10 17:29:0 139 158 153 410 92 8817
2018/7/10 17:30:0 137 156 151 404 91 8817
2018/7/10 17:31:0 136 155 150 402 90 8816
2018/7/10 17:32:0 135 154 148 398 90 8619
2018/7/10 17:33:0 134 152 147 395 88 8765
2018/7/10 17:34:0 132 150 145 390 87 8761
2018/7/10 17:35:0 132 151 146 392 88 8814
2018/7/10 17:36:0 131 150 145 390 88 8814
2018/7/10 17:37:0 131 150 145 388 88 8814
2018/7/10 17:38:0 129 148 143 384 87 8813
2018/7/10 17:39:0 121 138 134 358 80 8924
2018/7/10 17:40:0 131 148 143 384 86 8710
2018/7/10 17:41:0 130 147 142 383 85 8709
2018/7/10 17:42:0 129 146 141 380 85 8708
2018/7/10 17:43:0 128 146 141 378 85 8760
2018/7/10 17:44:0 127 144 139 374 84 8706
2018/7/10 17:45:0 126 143 139 372 83 8923
2018/7/10 17:46:0 125 142 137 368 83 8704
2018/7/10 17:47:0 123 140 136 364 81 8923
2018/7/10 17:48:0 123 139 135 362 80 8868
2018/7/10 17:49:0 122 139 135 361 80 8923
2018/7/10 17:50:0 121 138 134 359 80 8924
2018/7/10 17:51:0 120 137 133 356 79 8924
2018/7/10 17:52:0 119 136 132 353 79 8924
2018/7/10 17:53:0 117 134 130 348 78 8924
2018/7/10 17:54:0 116 133 129 346 77 8925
2018/7/10 17:55:0 115 132 128 342 77 8925
2018/7/10 17:56:0 115 131 128 342 75 9113
2018/7/10 17:57:0 114 131 127 341 76 8925
2018/7/10 17:58:0 113 130 126 338 76 8925
2018/7/10 17:59:0 112 129 126 335 75 9176
2018/7/10 18:0:0 112 128 125 333 74 9117
2018/7/10 18:1:0 111 127 124 331 73 9119
2018/7/10 18:2:0 110 126 123 329 73 9023
2018/7/10 18:3:0 108 125 122 325 72 9185
2018/7/10 18:4:0 107 123 121 321 70 9401
2018/7/10 18:5:0 106 123 120 320 71 9126
2018/7/10 18:6:0 106 122 120 319 70 9405
2018/7/10 18:7:0 105 122 119 316 71 9191
2018/7/10 18:8:0 105 121 118 315 70 9129
2018/7/10 18:9:0 104 120 117 312 70 9131
2018/7/10 18:10:0 103 119 117 311 68 9417
2018/7/10 18:11:0 102 119 116 309 69 9198
2018/7/10 18:12:0 102 118 116 307 68 9421
2018/7/10 18:13:0 101 118 115 306 69 9200
2018/7/10 18:14:0 101 117 115 305 67 9425
2018/7/10 18:15:0 100 116 114 303 67 9429
2018/7/10 18:16:0 99 115 113 300 66 9434
2018/7/10 18:17:0 98 114 112 297 66 9438
2018/7/10 18:18:0 97 113 111 293 65 9443
2018/7/10 18:19:0 95 111 109 289 64 9452
2018/7/10 18:20:0 94 109 107 285 62 9401
2018/7/10 18:21:0 93 109 107 283 63 9461
2018/7/10 18:22:0 93 108 106 282 62 9393
2018/7/10 18:23:0 92 108 106 281 63 9466
2018/7/10 18:24:0 91 106 105 277 60 9738
2018/7/10 18:25:0 90 106 104 276 61 9476
2018/7/10 18:26:0 90 106 104 276 61 9476
2018/7/10 18:27:0 90 105 104 275 60 9745
2018/7/10 18:28:0 89 104 103 272 59 9753
2018/7/10 18:29:0 88 103 102 268 59 9761
2018/7/10 18:30:0 87 102 100 265 58 9507
2018/7/10 18:31:0 86 101 100 263 58 9777
2018/7/10 18:32:0 86 101 99 263 59 9425
2018/7/10 18:33:0 85 100 99 261 57 9786
2018/7/10 18:34:0 84 99 98 259 56 9773
2018/7/10 18:35:0 84 99 98 259 57 9794
2018/7/10 18:36:0 84 99 98 257 57 9794
2018/7/10 18:37:0 83 98 97 256 56 9803
2018/7/10 18:38:0 82 97 96 253 56 9812
2018/7/10 18:39:0 81 96 95 250 55 9821
2018/7/10 18:40:0 80 95 94 248 55 9830
2018/7/10 18:41:0 80 94 93 246 54 9753
2018/7/10 18:42:0 79 94 93 244 54 9839
2018/7/10 18:43:0 78 93 92 242 53 9848
2018/7/10 18:44:0 78 92 92 241 52 10186
2018/7/10 18:45:0 77 92 91 239 53 9858
2018/7/10 18:46:0 77 91 90 238 52 9780
2018/7/10 18:47:0 76 90 89 235 52 9789
2018/7/10 18:48:0 75 89 88 232 51 9799
2018/7/10 18:49:0 74 88 87 229 51 9809
2018/7/10 18:50:0 57 68 67 176 39 9887
2018/7/10 18:51:0 41 50 50 129 29 10346
2018/7/10 18:52:0 36 44 43 111 25 9746
2018/7/10 18:53:0 31 38 38 97 22 10146
2018/7/10 18:54:0 30 37 36 93 21 9992
2018/7/10 18:55:0 30 37 37 95 22 9908
2018/7/10 18:56:0 70 83 82 216 47 9821
2018/7/10 18:57:0 70 82 82 215 47 9764
2018/7/10 18:58:0 18 22 21 56 12 9862
2018/7/10 18:59:0 60 68 67 181 39 9250
2018/7/10 19:0:0 76 87 85 229 50 9143
2018/7/10 19:1:0 75 86 84 227 49 9146
2018/7/10 19:2:0 78 90 88 236 51 9136
METADATA
initial_wait: 1200
measures: 10
period: 1
depth: 0.30
lat: 0.00
lon: 0.00
timestamp: 2018/7/13 12:23:19
sample_counter: 1
name: KduinoPro1
maker: ICM-CSIC
curator: ICM-CSIC
email: 
sensors: TCS34725
description: KduinoPro1 module1 depth0.3 Proves Port
place: lab ICM
units: counts, counts, counts, counts, lux, degree_celsius
DATA
DATE HOUR RED GREEN BLUE CLEAR LUX COLOR_TEMP
2018/7/13 12:24:0 0 0 0 0 0 65535
2018/7/13 12:25:0 0 0 0 0 0 65535
2018/7/13 12:26:0 0 0 0 0 0 65535
2018/7/13 12:27:0 0 0 0 0 0 65535
2018/7/13 12:28:0 11 9 8 21 4 4791
2018/7/13 12:29:0 0 0 0 0 0 65535
2018/7/13 12:30:0 0 0 0 0 0 65535
2018/7/13 12:31:0 0 0 0 0 0 65535
2018/7/13 12:32:0 0 0 0 0 0 65535
2018/7/13 12:33:0 4 4 3 8 2 4508
2018/7/13 12:34:0 5 4 4 10 2 5072
2018/7/13 12:35:0 0 0 0 0 0 65535
2018/7/13 12:36:0 0 0 0 0 0 65535
2018/7/13 12:37:0 0 0 0 0 0 65535
2018/7/13 12:38:0 0 0 0 0 0 65535
2018/7/13 12:39:0 0 0 0 0 0 65535
2018/7/13 12:40:0 0 0 0 0 0 65535
2018/7/13 12:41:0 0 0 0 0 0 65535
2018/7/13 12:42:0 0 0 0 0 0 65535
2018/7/13 12:43:0 0 0 0 0 0 65535
2018/7/13 12:44:0 10 8 8 16 3 6094
2018/7/13 12:45:0 27 22 21 41 9 5659
2018/7/13 12:46:0 15 12 11 23 5 5548
2018/7/13 12:47:0 43 35 34 72 16 6228
2018/7/13 12:48:0 52 41 39 82 19 5597
2018/7/13 12:49:0 54 43 41 88 20 5586
2018/7/13 12:50:0 16 12 12 22 4 5878
2018/7/13 12:51:0 2464 2123 2075 4589 1032 6827
2018/7/13 12:52:0 1377 1255 1141 3473 697 5879
2018/7/13 12:53:0 1567 1420 1288 3935 790 5792
2018/7/13 12:54:0 2549 2279 2046 6303 1272 5551
2018/7/13 12:55:0 7096 6112 5367 16848 3414 5018
2018/7/13 12:56:0 7388 6376 5603 17609 3564 5039
2018/7/13 12:57:0 6110 5254 4623 14526 2926 5030
2018/7/13 12:58:0 2317 2067 1848 5717 1156 5484
2018/7/13 12:59:0 1878 1688 1514 4672 946 5574
2018/7/13 13:0:0 1448 1301 1168 3607 729 5586
2018/7/13 13:1:0 1273 1149 1033 3182 643 5643
2018/7/13 13:2:0 1226 1115 1003 3094 627 5698
2018/7/13 13:3:0 1077 981 883 2717 551 5721
2018/7/13 13:4:0 569 463 441 927 223 5742
2018/7/13 13:5:0 2 1 1 2 0 8748
2018/7/13 13:6:0 4 3 3 5 1 5115
2018/7/13 13:7:0 3 3 3 4 1 6823
2018/7/13 13:8:0 0 0 0 0 0 65486
2018/7/13 13:9:0 0 0 0 0 0 65535
2018/7/13 13:10:0 0 0 0 0 0 65535
2018/7/13 13:11:0 0 0 0 0 0 65535
2018/7/13 13:12:0 0 0 0 0 0 65535
2018/7/13 13:13:0 0 0 0 0 0 65535
2018/7/13 13:14:0 0 0 0 0 0 65535
2018/7/13 13:15:0 0 0 0 0 0 65535
2018/7/13 13:16:0 0 0 0 0 0 65535
2018/7/13 13:17:0 0 0 0 0 0 65535
2018/7/13 13:18:0 0 0 0 0 0 65535
2018/7/13 13:19:0 17 12 12 21 5 5495
2018/7/13 13:20:0 21 16 16 28 6 6074
2018/7/13 13:21:0 14 11 11 20 4 6198
2018/7/13 13:22:0 18 14 14 25 6 6320
2018/7/13 13:23:0 19 15 14 26 6 5272
2018/7/13 13:24:0 22 17 16 30 7 5055
2018/7/13 13:25:0 19 15 14 26 6 5429
2018/7/13 13:26:0 17 13 12 21 5 5780
2018/7/13 13:27:0 19 14 14 25 5 5666
2018/7/13 13:28:0 19 14 14 25 5 5649
2018/7/13 13:29:0 20 15 15 27 6 5883
2018/7/13 13:30:0 16 13 12 23 6 4954
2018/7/13 13:31:0 19 15 14 26 6 5457
2018/7/13 13:32:0 10 8 7 14 4 4467
2018/7/13 13:33:0 9 7 7 14 2 5179
2018/7/13 13:34:0 14 11 11 20 4 6439
2018/7/13 13:35:0 22 17 17 28 7 6323
2018/7/13 13:36:0 38 30 30 47 12 6270
2018/7/13 13:37:0 1 0 0 1 0 8989
2018/7/13 13:38:0 6 5 5 8 1 6471
2018/7/13 13:39:0 14 10 10 18 4 6158
2018/7/13 13:40:0 39 30 29 51 12 5798
2018/7/13 13:41:0 0 0 0 0 0 65535
2018/7/13 13:42:0 3 2 2 5 0 4380
2018/7/13 13:43:0 0 0 0 0 0 65535
2018/7/13 13:44:0 0 0 0 0 0 65535
2018/7/13 13:45:0 0 0 0 0 0 65535
2018/7/13 13:46:0 0 0 0 0 0 65535
2018/7/13 13:47:0 0 0 0 0 0 65535
2018/7/13 13:48:0 0 0 0 0 0 65535
2018/7/13 13:49:0 0 0 0 0 0 65535
2018/7/13 13:50:0 0 0 0 0 0 65535
2018/7/13 13:51:0 0 0 0 0 0 65535
2018/7/13 13:52:0 0 0 0 0 0 65535
2018/7/13 13:53:0 0 0 0 0 0 65535
2018/7/13 13:54:0 0 0 0 0 0 65535
2018/7/13 13:55:0 0 0 0 0 0 65535
2018/7/13 13:56:0 0 0 0 0 0 65535
2018/7/13 13:57:0 0 0 0 0 0 65535
2018/7/13 13:58:0 0 0 0 0 0 65535
2018/7/13 13:59:0 0 0 0 0 0 65535
2018/7/13 14:0:0 0 0 0 0 0 65535
2018/7/13 14:1:0 0 0 0 0 0 65535
2018/7/13 14:2:0 0 0 0 0 0 65535
2018/7/13 14:3:0 0 0 0 0 0 65535
2018/7/13 14:4:0 0 0 0 0 0 65535
2018/7/13 14:5:0 0 0 0 0 0 65535
2018/7/13 14:6:0 0 0 0 0 0 65535
2018/7/13 14:7:0 0 0 0 0 0 65535
2018/7/13 14:8:0 0 0 0 0 0 65535
2018/7/13 14:9:0 0 0 0 0 0 65535
2018/7/13 14:10:0 0 0 0 0 0 65535
2018/7/13 14:11:0 0 0 0 0 0 65535
2018/7/13 14:12:0 0 0 0 0 0 65535
2018/7/13 14:13:0 0 0 0 0 0 65535
2018/7/13 14:14:0 0 0 0 0 0 65535
2018/7/13 14:15:0 0 0 0 0 0 65535
2018/7/13 14:16:0 0 0 0 0 0 65535
2018/7/13 14:17:0 0 0 0 0 0 65535
2018/7/13 14:18:0 0 0 0 0 0 65535
2018/7/13 14:19:0 0 0 0 0 0 65535
2018/7/13 14:20:0 0 0 0 0 0 65535
2018/7/13 14:21:0 0 0 0 0 0 65535
2018/7/13 14:22:0 0 0 0 0 0 65535
2018/7/13 14:23:0 0 0 0 0 0 65535
2018/7/13 14:24:0 0 0 0 0 0 65535
2018/7/13 14:25:0 0 0 0 0 0 65535
2018/7/13 14:26:0 0 0 0 0 0 65535
2018/7/13 14:27:0 0 0 0 0 0 65535
2018/7/13 14:28:0 0 0 0 0 0 65535
2018/7/13 14:29:0 0 0 0 0 0 65535
2018/7/13 14:30:0 0 0 0 0 0 65535
2018/7/13 14:31:0 0 0 0 0 0 65535
2018/7/13 14:32:0 0 0 0 0 0 65535
2018/7/13 14:33:0 0 0 0 0 0 65535
2018/7/13 14:34:0 0 0 0 0 0 65535
2018/7/13 14:35:0 0 0 0 0 0 65535
2018/7/13 14:36:0 0 0 0 0 0 65535
2018/7/13 14:37:0 0 0 0 0 0 65535
2018/7/13 14:38:0 0 0 0 0 0 65535
2018/7/13 14:39:0 0 0 0 1 0 65535
2018/7/13 14:40:0 0 0 0 1 0 65535
2018/7/13 14:41:0 0 0 0 1 0 65535
2018/7/13 14:42:0 0 0 0 1 0 65535
2018/7/13 14:43:0 0 0 0 1 0 65535
2018/7/13 14:44:0 0 0 0 0 0 65535
2018/7/13 14:45:0 0 0 0 0 0 65535
2018/7/13 14:46:0 0 0 0 0 0 65535
2018/7/13 14:47:0 0 0 0 1 0 65535
2018/7/13 14:48:0 0 0 0 0 0 65535
2018/7/13 14:49:0 2 1 1 3 0 2438
2018/7/13 14:50:0 2 2 1 4 0 5463
2018/7/13 14:51:0 2 2 1 4 1 8845
2018/7/13 14:52:0 3 3 2 7 2 3942
2018/7/13 14:53:0 3 3 2 6 2 3942
2018/7/13 14:54:0 3 3 2 6 2 3942
2018/7/13 14:55:0 4 3 3 8 1 5883
2018/7/13 14:56:0 4 4 3 9 2 4764
2018/7/13 14:57:0 6 5 5 12 2 6943
2018/7/13 14:58:0 31 34 31 84 20 7359
2018/7/13 14:59:0 28 31 29 76 18 7734
2018/7/13 15:0:0 28 31 28 76 19 7015
2018/7/13 15:1:0 28 32 29 76 20 7258
2018/7/13 15:2:0 29 32 29 78 19 7057
2018/7/13 15:3:0 30 33 30 80 20 7097
2018/7/13 15:4:0 30 33 30 80 20 7097
2018/7/13 15:5:0 30 33 30 81 20 7097
2018/7/13 15:6:0 30 33 30 79 20 7097
2018/7/13 15:7:0 29 32 29 77 19 7057
2018/7/13 15:8:0 27 30 27 73 18 6971
2018/7/13 15:9:0 25 28 25 68 17 6876
2018/7/13 15:10:0 23 26 23 62 16 6772
2018/7/13 15:11:0 21 24 21 57 15 6656
2018/7/13 15:12:0 20 22 20 53 13 7097
2018/7/13 15:13:0 19 21 19 50 13 7036
2018/7/13 15:14:0 18 20 18 48 12 6971
2018/7/13 15:15:0 18 19 17 47 11 6573
2018/7/13 15:16:0 17 19 17 46 12 6901
2018/7/13 15:17:0 17 19 17 47 12 6901
2018/7/13 15:18:0 14 15 13 37 9 6177
2018/7/13 15:19:0 14 15 13 38 8 7469
2018/7/13 15:20:0 15 16 14 39 10 6288
2018/7/13 15:21:0 15 17 15 41 10 6744
2018/7/13 15:22:0 16 17 15 43 11 6389
2018/7/13 15:23:0 18 19 17 47 11 6573
2018/7/13 15:24:0 20 22 19 53 13 6016
2018/7/13 15:25:0 29 30 26 74 19 6192
2018/7/13 15:26:0 43 44 39 107 27 6049
2018/7/13 15:27:0 34 36 32 88 22 6483
2018/7/13 15:28:0 32 34 30 82 21 6390
2018/7/13 15:29:0 34 36 32 88 22 6482
2018/7/13 15:30:0 33 35 31 85 21 6438
2018/7/13 15:31:0 32 34 30 82 21 6390
2018/7/13 15:32:0 29 31 28 76 19 6809
METADATA
initial_wait: 600
measures: 30
period: 1
depth: 0.30
lat: 0.00
lon: 0.00
timestamp: 2018/7/13 18:19:7
sample_counter: 1
name: KduinoPro1
maker: ICM-CSIC
curator: ICM-CSIC
email: 
sensors: TCS34725
description: KduinoPro1 module1 depth0.3 Proves tubs aigua 
place: lab ICM
units: counts, counts, counts, counts, lux, degree_celsius
DATA
DATE HOUR RED GREEN BLUE CLEAR LUX COLOR_TEMP
2018/7/13 18:20:0 29 34 28 89 23 5954
2018/7/13 18:21:0 28 34 28 88 23 5978
2018/7/13 18:22:0 4 3 3 5 1 5544
2018/7/13 18:23:0 500 327 298 735 134 3256
2018/7/13 18:24:0 312 386 339 1030 259 7571
2018/7/13 18:25:0 603 766 653 2027 534 6744
2018/7/13 18:26:0 7658 12383 10330 31354 9497 7361
2018/7/13 18:27:0 5760 9743 8159 24625 7536 7560
2018/7/13 18:28:0 5430 9240 7730 23313 7162 7564
2018/7/13 18:29:0 5372 9180 7665 23128 7135 7548
2018/7/13 18:30:0 5344 9156 7642 23053 7123 7549
2018/7/13 18:31:0 5335 9170 7650 23072 7142 7552
2018/7/13 18:32:0 5316 9148 7630 23009 7128 7552
2018/7/13 18:33:0 5295 9121 7605 22932 7110 7551
2018/7/13 18:34:0 5281 9091 7580 22862 7085 7549
2018/7/13 18:35:0 5281 9111 7594 22901 7107 7551
2018/7/13 18:36:0 5264 9068 7558 22831 7071 7546
2018/7/13 18:37:0 5264 9081 7567 22823 7085 7547
2018/7/13 18:38:0 5253 9057 7547 22770 7066 7545
2018/7/13 18:39:0 5250 9051 7542 22749 7060 7545
2018/7/13 18:40:0 5246 9039 7533 22724 7049 7544
2018/7/13 18:41:0 5240 9032 7526 22700 7045 7543
2018/7/13 18:42:0 5209 8990 7489 22589 7016 7543
2018/7/13 18:43:0 5214 8997 7496 22607 7022 7545
2018/7/13 18:44:0 5240 9067 7553 22772 7081 7551
2018/7/13 18:45:0 5218 9011 7507 22640 7034 7545
2018/7/13 18:46:0 5250 9054 7545 22755 7063 7547
2018/7/13 18:47:0 5264 9070 7559 22799 7074 7545
2018/7/13 18:48:0 7 8 5 22 6 4329
2018/7/13 18:49:0 3 3 2 10 2 4284
2018/7/13 18:50:0 2 2 2 6 1 8890
2018/7/13 18:51:0 0 0 0 0 0 65479
2018/7/13 18:52:0 0 0 0 0 0 65535
2018/7/13 18:53:0 0 0 0 0 0 65535
2018/7/13 18:54:0 0 0 0 0 0 65535
2018/7/13 18:55:0 0 0 0 0 0 65535
2018/7/13 18:56:0 0 0 0 0 0 65535
2018/7/13 18:57:0 0 0 0 0 0 65535
2018/7/13 18:58:0 0 0 0 0 0 65535
2018/7/13 18:59:0 0 0 0 0 0 65535
2018/7/13 19:0:0 0 0 0 0 0 65535
2018/7/13 19:1:0 0 0 0 0 0 65535
2018/7/13 19:2:0 0 0 0 0 0 65535
2018/7/13 19:3:0 0 0 0 0 0 65535
2018/7/13 19:4:0 0 0 0 0 0 65535
2018/7/13 19:5:0 0 0 0 0 0 65535
2018/7/13 19:6:0 0 0 0 0 0 65535
2018/7/13 19:7:0 0 0 0 0 0 65535
2018/7/13 19:8:0 0 0 0 0 0 65535
2018/7/13 19:9:0 0 0 0 0 0 65535
2018/7/13 19:10:0 0 0 0 0 0 65535
2018/7/13 19:11:0 0 0 0 0 0 65535
2018/7/13 19:12:0 0 0 0 0 0 65535
2018/7/13 19:13:0 0 0 0 0 0 65535
2018/7/13 19:14:0 0 0 0 0 0 65535
2018/7/13 19:15:0 0 0 0 0 0 65535
2018/7/13 19:16:0 0 0 0 0 0 65535
2018/7/13 19:17:0 0 0 0 0 0 65535
2018/7/13 19:18:0 0 0 0 0 0 65535
2018/7/13 19:19:0 0 0 0 0 0 65535
2018/7/13 19:20:0 0 0 0 0 0 65535
2018/7/13 19:21:0 0 0 0 0 0 65535
2018/7/13 19:22:0 0 0 0 0 0 65535
2018/7/13 19:23:0 0 0 0 0 0 65535
2018/7/13 19:24:0 0 0 0 0 0 65535
2018/7/13 19:25:0 0 0 0 0 0 65535
2018/7/13 19:26:0 0 0 0 0 0 65535
2018/7/13 19:27:0 0 0 0 0 0 65535
2018/7/13 19:28:0 0 0 0 0 0 65535
2018/7/13 19:29:0 0 0 0 0 0 65535
2018/7/13 19:30:0 0 0 0 0 0 65535
2018/7/13 19:31:0 0 0 0 0 0 65535
2018/7/13 19:32:0 0 0 0 0 0 65535
2018/7/13 19:33:0 0 0 0 0 0 65535
2018/7/13 19:34:0 5 7 5 18 4 4927
2018/7/13 19:35:0 5627 7744 4986 18745 6745 4740
2018/7/13 19:36:0 5567 7673 4888 18507 6724 4695
2018/7/13 19:37:0 5525 7623 4830 18354 6702 4674
2018/7/13 19:38:0 5425 7459 4695 17946 6575 4637
2018/7/13 19:39:0 5355 7351 4609 17675 6491 4617
2018/7/13 19:40:0 5315 7291 4556 17516 6447 4601
2018/7/13 19:41:0 5277 7234 4510 17371 6403 4590
2018/7/13 19:42:0 5220 7141 4444 17150 6323 4578
2018/7/13 19:43:0 5207 7123 4428 17101 6311 4573
2018/7/13 19:44:0 5152 7031 4368 16888 6227 4565
2018/7/13 19:45:0 5128 6988 4343 16793 6186 4562
2018/7/13 19:46:0 5095 6936 4306 16667 6142 4556
2018/7/13 19:47:0 5051 6869 4266 16510 6079 4555
2018/7/13 19:48:0 11 13 11 36 8 6126
2018/7/13 19:49:0 11 13 10 35 8 5412
2018/7/13 19:50:0 11 12 10 35 8 5493
2018/7/13 19:51:0 6 6 5 20 3 5333
2018/7/13 19:52:0 11 12 10 35 8 5497
2018/7/13 19:53:0 11 12 10 35 8 5497
2018/7/13 19:54:0 11 12 10 35 8 5357
2018/7/13 19:55:0 11 12 10 35 8 5639
2018/7/13 19:56:0 11 12 10 35 8 5638
2018/7/13 19:57:0 11 12 10 35 8 5498
2018/7/13 19:58:0 11 12 10 35 8 5497
2018/7/13 19:59:0 11 12 10 35 8 5638
2018/7/13 20:0:0 11 12 10 35 8 5427
2018/7/13 20:1:0 11 12 10 35 8 5495
2018/7/13 20:2:0 11 12 10 35 8 5361
2018/7/13 20:3:0 11 12 10 35 8 5923
2018/7/13 20:4:0 7 9 7 23 6 5763
2018/7/13 20:5:0 7 9 7 24 6 5422
2018/7/13 20:6:0 7 9 7 24 6 5762
2018/7/13 20:7:0 6 8 6 21 5 5396
2018/7/13 20:8:0 15 18 15 50 12 6308
2018/7/13 20:9:0 2 2 1 6 1 3242
2018/7/13 20:10:0 2 2 1 6 1 3242
2018/7/13 20:11:0 2 2 1 6 1 3242
2018/7/13 20:12:0 2 2 1 6 1 3242
2018/7/13 20:13:0 2 2 1 5 1 3242
2018/7/13 20:14:0 2 2 1 6 1 3242
2018/7/13 20:15:0 2 2 1 6 1 3242
2018/7/13 20:16:0 2 2 1 6 1 3242
2018/7/13 20:17:0 2 2 1 6 1 3242
2018/7/13 20:18:0 2 2 1 6 1 3242
2018/7/13 20:19:0 3 4 2 10 3 3625
2018/7/13 20:20:0 1 1 1 2 0 8890
2018/7/13 20:21:0 99 87 83 132 44 6427
2018/7/13 20:22:0 98 86 81 128 43 6199
2018/7/13 20:23:0 324 269 248 464 137 5479
2018/7/13 20:24:0 0 0 0 0 0 65535
2018/7/13 20:25:0 0 0 0 0 0 65535
2018/7/13 20:26:0 0 0 0 0 0 65535
2018/7/13 20:27:0 0 0 0 0 0 65535
2018/7/13 20:28:0 0 0 0 0 0 65535
2018/7/13 20:29:0 0 0 0 0 0 65535
2018/7/13 20:30:0 0 0 0 0 0 65535
2018/7/13 20:31:0 0 0 0 0 0 65535
2018/7/13 20:32:0 0 0 0 0 0 65535
2018/7/13 20:33:0 0 0 0 0 0 65535
2018/7/13 20:34:0 0 0 0 0 0 65535
2018/7/13 20:35:0 0 0 0 0 0 65535
2018/7/13 20:36:0 0 0 0 0 0 65535
2018/7/13 20:37:0 0 0 0 0 0 65535
2018/7/13 20:38:0 0 0 0 0 0 65535
2018/7/13 20:39:0 0 0 0 0 0 65535
2018/7/13 20:40:0 0 0 0 0 0 65535
2018/7/13 20:41:0 0 0 0 0 0 65535
2018/7/13 20:42:0 0 0 0 0 0 65535
2018/7/13 20:43:0 0 0 0 0 0 65535
2018/7/13 20:44:0 0 0 0 0 0 65535
2018/7/13 20:45:0 0 0 0 0 0 65535
2018/7/13 20:46:0 0 0 0 0 0 65535
2018/7/13 20:47:0 0 0 0 0 0 65535
2018/7/13 20:48:0 0 0 0 0 0 65535
2018/7/13 20:49:0 0 0 0 0 0 65535
2018/7/13 20:50:0 0 0 0 0 0 65535
2018/7/13 20:51:0 0 0 0 0 0 65535
2018/7/13 20:52:0 0 0 0 0 0 65535
2018/7/13 20:53:0 0 0 0 0 0 65535
2018/7/13 20:54:0 0 0 0 0 0 65535
2018/7/13 20:55:0 0 0 0 0 0 65535
2018/7/13 20:56:0 0 0 0 0 0 65535
2018/7/13 20:57:0 4 4 3 11 2 4508
2018/7/13 20:58:0 4 4 3 12 2 4508
2018/7/13 20:59:0 1 0 0 1 0 31309
2018/7/13 21:0:0 3470 4183 2360 10218 3747 3945
2018/7/13 21:1:0 3381 4131 2317 10037 3726 3962
2018/7/13 21:2:0 3327 4111 2294 9945 3728 3974
2018/7/13 21:3:0 3270 4064 2262 9810 3697 3981
2018/7/13 21:4:0 3225 4019 2234 9691 3661 3983
2018/7/13 21:5:0 3212 4016 2229 9671 3663 3986
2018/7/13 21:6:0 3196 4004 2220 9635 3657 3990
2018/7/13 21:7:0 3183 3997 2214 9609 3654 3992
2018/7/13 21:8:0 3167 3978 2203 9563 3637 3991
2018/7/13 21:9:0 3151 3958 2191 9514 3620 3991
2018/7/13 21:10:0 3153 3968 2196 9530 3631 3994
2018/7/13 21:11:0 3156 3970 2197 9539 3633 3992
2018/7/13 21:12:0 3206 4119 2243 9835 3817 3998
2018/7/13 21:13:0 3186 4106 2233 9794 3812 4001
2018/7/13 21:14:0 80 77 66 180 47 5303
2018/7/13 21:15:0 81 77 65 182 47 5284
2018/7/13 21:16:0 70 69 58 170 42 5328
2018/7/13 21:17:0 3368 3592 1791 8840 3264 3390
2018/7/13 21:18:0 3173 3447 1669 8421 3188 3384
2018/7/13 21:19:0 3104 3413 1642 8293 3176 3400
2018/7/13 21:20:0 3057 3360 1608 8157 3134 3391
2018/7/13 21:21:0 3028 3332 1592 8084 3109 3392
2018/7/13 21:22:0 2989 3286 1569 7972 3066 3389
2018/7/13 21:23:0 2974 3271 1563 7933 3053 3390
2018/7/13 21:24:0 2943 3230 1540 7836 3015 3382
2018/7/13 21:25:0 2917 3195 1524 7755 2980 3379
2018/7/13 21:26:0 2902 3174 1514 7707 2960 3375
2018/7/13 21:27:0 2878 3145 1500 7639 2931 3374
2018/7/13 21:28:0 2858 3123 1489 7584 2910 3373
2018/7/13 21:29:0 2279 2509 1290 6142 2275 3518
2018/7/13 21:30:0 14 20 17 51 15 6962
2018/7/13 21:31:0 5 7 6 19 5 7254
2018/7/13 21:32:0 5 7 6 20 5 6415
2018/7/13 21:33:0 5 7 6 20 5 7254
2018/7/13 21:34:0 5 7 6 19 5 7254
2018/7/13 21:35:0 4 6 5 19 4 7253
2018/7/13 21:36:0 5 7 6 19 5 7254
2018/7/13 21:37:0 4 6 5 18 4 7251
2018/7/13 21:38:0 5 7 6 19 5 7254
2018/7/13 21:39:0 5 7 6 19 5 7254
2018/7/13 21:40:0 5 7 6 19 5 7254
2018/7/13 21:41:0 5 7 6 19 5 7254
2018/7/13 21:42:0 5 7 6 19 5 7254
2018/7/13 21:43:0 5 7 6 19 5 7254
2018/7/13 21:44:0 3 4 3 11 2 10973
2018/7/13 21:45:0 5 6 5 18 4 7253
2018/7/13 21:46:0 6 8 6 20 5 6935
2018/7/13 21:47:0 6 9 7 23 6 6253
2018/7/13 21:48:0 5 7 6 20 5 7254
2018/7/13 21:49:0 4 5 4 14 3 5931
2018/7/13 21:50:0 4 5 4 14 3 5931
2018/7/13 21:51:0 4 5 4 14 3 5931
2018/7/13 21:52:0 4 5 4 14 3 5931
2018/7/13 21:53:0 4 5 4 14 3 5931
2018/7/13 21:54:0 4 5 4 14 3 5931
2018/7/13 21:55:0 4 5 4 14 3 5931
2018/7/13 21:56:0 4 5 4 14 3 5931
2018/7/13 21:57:0 4 5 4 14 3 5931
2018/7/13 21:58:0 4 5 4 14 3 5931
2018/7/13 21:59:0 4 5 4 14 3 5931
2018/7/13 22:0:0 4 5 4 14 3 5931
2018/7/13 22:1:0 4 5 4 14 3 5931
2018/7/13 22:2:0 4 5 4 14 3 5931
2018/7/13 22:3:0 5 7 5 17 5 5365
2018/7/13 22:4:0 17 16 14 35 9 5683
2018/7/13 22:5:0 18 17 15 35 10 5683
2018/7/13 22:6:0 18 17 15 36 9 5570
2018/7/13 22:7:0 24 21 19 46 11 5506
2018/7/13 22:8:0 23 21 19 45 11 5810
2018/7/13 22:9:0 6 8 7 23 5 7387
2018/7/13 22:10:0 6 7 6 21 4 6457
2018/7/13 22:11:0 6 8 7 23 5 6900
2018/7/13 22:12:0 6 8 7 23 5 7144
2018/7/13 22:13:0 6 8 7 23 5 7144
2018/7/13 22:14:0 6 8 7 23 5 7144
2018/7/13 22:15:0 6 8 7 23 5 6930
2018/7/13 22:16:0 6 8 7 23 5 7387
2018/7/13 22:17:0 6 8 7 23 5 6900
2018/7/13 22:18:0 6 8 7 23 5 7144
2018/7/13 22:19:0 6 8 7 23 5 7143
2018/7/13 22:20:0 6 8 7 23 5 6900
2018/7/13 22:21:0 7 8 7 24 5 6603
2018/7/13 22:22:0 4 5 4 13 3 5931
2018/7/13 22:23:0 4 5 4 13 3 5931
2018/7/13 22:24:0 4 5 4 13 3 5931
2018/7/13 22:25:0 4 5 4 13 3 5931
2018/7/13 22:26:0 4 5 4 13 3 5931
2018/7/13 22:27:0 4 5 4 13 3 5931
2018/7/13 22:28:0 4 5 4 13 3 5931
2018/7/13 22:29:0 4 5 4 13 3 5931
2018/7/13 22:30:0 4 5 4 13 3 5931
2018/7/13 22:31:0 4 5 4 13 3 5931
2018/7/13 22:32:0 4 5 4 13 3 5931
2018/7/13 22:33:0 4 5 4 13 3 5931
2018/7/13 22:34:0 4 5 4 13 3 5931
2018/7/13 22:35:0 4 5 4 13 3 5931
2018/7/13 22:36:0 4 5 4 13 3 5931
2018/7/13 22:37:0 4 6 4 18 4 5425
2018/7/13 22:38:0 0 0 0 1 0 64867
2018/7/13 22:39:0 2103 1905 907 4896 1659 2934
2018/7/13 22:40:0 2048 1872 886 4791 1640 2949
2018/7/13 22:41:0 2023 1860 878 4749 1635 2960
2018/7/13 22:42:0 2009 1857 874 4730 1638 2970
2018/7/13 22:43:0 1995 1846 869 4701 1629 2973
2018/7/13 22:44:0 1984 1840 865 4680 1626 2976
2018/7/13 22:45:0 1975 1833 861 4660 1621 2978
2018/7/13 22:46:0 1971 1831 860 4653 1620 2979
2018/7/13 22:47:0 1965 1829 858 4644 1620 2983
2018/7/13 22:48:0 1958 1822 855 4628 1614 2983
2018/7/13 22:49:0 1948 1814 850 4604 1607 2982
2018/7/13 22:50:0 1944 1810 848 4594 1604 2983
2018/7/13 22:51:0 1946 1816 851 4606 1612 2988
2018/7/13 22:52:0 1937 1807 846 4585 1603 2986
2018/7/13 22:53:0 1934 1805 845 4577 1603 2987
2018/7/13 22:54:0 1929 1806 844 4573 1605 2992
2018/7/13 22:55:0 6 8 6 23 6 6022
2018/7/13 22:56:0 12 14 11 39 10 5487
2018/7/13 22:57:0 12 14 11 39 10 5487
2018/7/13 22:58:0 1 0 0 1 0 40943
2018/7/13 22:59:0 0 0 0 0 0 64766
2018/7/13 23:0:0 0 0 0 0 0 65535
2018/7/13 23:1:0 0 0 0 0 0 65535
2018/7/13 23:2:0 0 0 0 0 0 65535
2018/7/13 23:3:0 0 0 0 0 0 65535
2018/7/13 23:4:0 0 0 0 0 0 65535
2018/7/13 23:5:0 0 0 0 0 0 65535
2018/7/13 23:6:0 0 0 0 0 0 65535
2018/7/13 23:7:0 0 0 0 0 0 65535
2018/7/13 23:8:0 0 0 0 0 0 65535
2018/7/13 23:9:0 0 0 0 0 0 65535
2018/7/13 23:10:0 0 0 0 0 0 65535
2018/7/13 23:11:0 0 0 0 0 0 65535
2018/7/13 23:12:0 0 0 0 0 0 65535
2018/7/13 23:13:0 0 0 0 0 0 65535
2018/7/13 23:14:0 0 0 0 0 0 65535
2018/7/13 23:15:0 0 0 0 0 0 65535
2018/7/13 23:16:0 0 0 0 0 0 65535
2018/7/13 23:17:0 0 0 0 0 0 65535
2018/7/13 23:18:0 0 0 0 0 0 65535
2018/7/13 23:19:0 0 0 0 0 0 65535
2018/7/13 23:20:0 0 0 0 0 0 65535
2018/7/13 23:21:0 2 0 0 3 0 40943
2018/7/13 23:22:0 1 0 0 2 0 40943
2018/7/13 23:23:0 1 0 0 2 0 40943
2018/7/13 23:24:0 1 0 0 2 0 40943
2018/7/13 23:25:0 0 0 0 0 0 65535
2018/7/13 23:26:0 0 0 0 0 0 65535
2018/7/13 23:27:0 0 0 0 0 0 65535
2018/7/13 23:28:0 0 0 0 0 0 65535
2018/7/13 23:29:0 0 0 0 0 0 65535
2018/7/13 23:30:0 1 0 0 1 0 40943
2018/7/13 23:31:0 0 0 0 0 0 65535
2018/7/13 23:32:0 0 0 0 0 0 65535
2018/7/13 23:33:0 0 0 0 0 0 65535
2018/7/13 23:34:0 0 0 0 0 0 65535
2018/7/13 23:35:0 0 0 0 0 0 65535
2018/7/13 23:36:0 0 0 0 0 0 65535
2018/7/13 23:37:0 0 0 0 0 0 65535
2018/7/13 23:38:0 0 0 0 0 0 65535
2018/7/13 23:39:0 0 0 0 0 0 65535
2018/7/13 23:40:0 0 0 0 0 0 65535
2018/7/13 23:41:0 0 0 0 0 0 65535
2018/7/13 23:42:0 0 0 0 0 0 65535
2018/7/13 23:43:0 0 0 0 0 0 65535
2018/7/13 23:44:0 0 0 0 0 0 65535
2018/7/13 23:45:0 0 0 0 0 0 65535
2018/7/13 23:46:0 0 0 0 0 0 65535
2018/7/13 23:47:0 0 0 0 0 0 65535
2018/7/13 23:48:0 0 0 0 0 0 65535
2018/7/13 23:49:0 0 0 0 0 0 65535
2018/7/13 23:50:0 0 0 0 0 0 65535
2018/7/13 23:51:0 0 0 0 0 0 65535
2018/7/13 23:52:0 0 0 0 0 0 65535
2018/7/13 23:53:0 0 0 0 0 0 65535
2018/7/13 23:54:0 0 0 0 0 0 65535
2018/7/13 23:55:0 0 0 0 0 0 65535
2018/7/13 23:56:0 0 0 0 0 0 65535
2018/7/13 23:57:0 0 0 0 0 0 65535
2018/7/13 23:58:0 0 0 0 0 0 65535
2018/7/13 23:59:0 1 0 0 1 0 40943
2018/7/14 0:0:0 1 0 0 2 0 40943
2018/7/14 0:1:0 1 0 0 1 0 40943
2018/7/14 0:2:0 1 0 0 1 0 40943
2018/7/14 0:3:0 1 0 0 1 0 40943
2018/7/14 0:4:0 0 0 0 0 0 65535
2018/7/14 0:5:0 0 0 0 0 0 65535
2018/7/14 0:6:0 1 0 0 2 0 6253
2018/7/14 0:7:0 6 6 4 16 4 3976
2018/7/14 0:8:0 3 3 2 10 2 4605
